1910 225
2467 225
2468 225
2469 225
2470 225
1912 226
2467 226
2468 226
2469 226
2470 226
1652 227
2467 227
2468 227
2469 227
2470 227
2466 228
2467 228
2468 228
2469 228
2470 228
2377 229
2467 229
2468 229
2469 229
2470 229
2467 230
2321 290
2321 291
2321 292
2322 292
2656 292
2661 292
2321 293
2511 293
2650 293
2655 293
2657 293
2660 293
2662 293
2651 294
2654 294
2655 294
1514 295
2656 295
2657 295
2658 295
1699 296
1895 296
2654 296
2656 296
2657 296
1652 297
2123 297
2654 297
2655 297
2656 297
1583 298
2660 298
2664 298
1594 299
1674 299
2650 299
2652 299
2660 299
2650 300
2655 300
2659 300
2178 301
2651 301
1488 302
2648 302
2651 302
2379 303
2644 303
2650 303
2651 303
1779 304
1981 304
2645 304
2653 304
2618 305
2620 305
2649 305
2650 305
2655 305
1751 306
2653 306
2652 307
2653 307
1786 308
2653 308
2654 308
2651 309
1888 310
2651 310
2652 310
1614 311
1818 311
2651 311
2652 311
2653 311
2655 311
2657 311
2652 312
2657 312
2658 313
2649 316
1662 381
2147 381
2264 381
1978 382
2263 382
2264 382
2168 383
2263 383
2264 383
1779 384
2263 384
2264 384
2084 385
2264 385
2265 385
2266 385
2267 385
2268 385
2270 385
2271 385
2272 385
2264 386
2265 386
2268 386
2272 386
1613 387
2020 387
2262 387
2265 387
2266 387
2267 387
2269 387
1967 388
2267 388
2268 388
2269 388
2270 388
1836 389
2255 389
2259 389
2260 389
2267 389
2268 389
2269 389
2271 389
2272 389
2274 389
1574 390
2261 390
2266 390
2268 390
2269 390
2270 390
2271 390
2272 390
2273 390
2274 390
2177 391
2260 391
2262 391
2266 391
2268 391
2269 391
2270 391
2271 391
2273 391
2175 392
2266 392
2267 392
2268 392
2269 392
2270 392
2274 392
1513 393
2267 393
2271 393
2272 393
2273 393
2275 393
1886 394
2262 394
2265 394
2267 394
2268 394
2269 394
2270 394
2271 394
2272 394
2043 395
2063 395
2266 395
2267 395
2268 395
2269 395
2270 395
2272 395
2043 396
2267 396
2269 396
2271 396
2272 396
2274 396
2091 397
2265 397
2267 397
2269 397
2271 397
2272 397
1621 398
1669 398
2265 398
2267 398
2271 398
2273 398
1794 399
2264 399
2265 399
2266 399
2267 399
2268 399
2269 399
2271 399
2272 399
2273 399
2274 399
2275 399
1558 400
2265 400
2266 400
2267 400
2268 400
2271 400
2272 400
2273 400
2275 400
2276 400
1440 401
2266 401
2268 401
2270 401
2271 401
2272 401
2274 401
1784 402
2266 402
2270 402
2273 402
2274 402
2275 402
2276 402
2277 402
1812 403
2171 403
2270 403
2275 403
1575 404
2270 404
2275 404
2276 404
2266 405
2267 405
2268 405
2271 405
2275 405
2276 405
2265 406
2274 406
2275 406
2269 407
2658 512
2660 512
2029 513
2659 513
2660 513
2661 513
2662 513
2657 514
2659 514
2660 514
2661 514
2662 514
2658 515
2659 515
2660 515
2661 515
2662 515
2484 516
2659 516
2660 516
2661 516
2237 517
2659 517
2660 517
2661 517
666 556
665 557
666 557
667 557
665 558
666 558
667 558
668 558
669 558
665 559
666 559
667 559
668 559
669 559
482 560
665 560
666 560
667 560
668 560
487 561
666 561
667 561
668 561
593 562
666 562
667 562
475 563
665 563
560 564
665 564
2169 896
2213 897
0 898
1681 898
7 899
1968 900
2152 900
5 901
7 901
0 902
1 902
3 902
5 902
6 902
0 903
1 903
5 903
6 903
7 903
0 904
5 904
6 904
7 904
9 904
5 905
7 905
8 905
9 905
3 906
6 906
7 906
8 906
9 906
10 906
12 906
3 907
5 907
9 907
10 907
12 907
13 907
14 907
0 908
7 908
12 908
13 908
1990 909
0 910
10 910
12 910
13 910
14 910
15 910
2607 910
2608 910
0 911
1 911
1572 911
1818 911
0 912
1 912
2 912
3 912
11 912
12 912
2668 912
2670 912
0 913
1 913
2 913
3 913
7 913
8 913
10 913
12 913
13 913
14 913
1888 913
2317 913
0 914
1 914
2 914
3 914
4 914
7 914
9 914
11 914
12 914
13 914
14 914
15 914
2323 914
2683 914
0 915
1 915
2 915
3 915
4 915
10 915
12 915
1387 915
2054 915
0 916
1 916
2 916
3 916
4 916
5 916
18 916
1724 916
1818 916
0 917
1 917
2 917
3 917
4 917
5 917
6 917
7 917
8 917
16 917
1921 917
2219 917
0 918
1 918
2 918
3 918
4 918
5 918
8 918
10 918
1292 918
1650 918
0 919
1 919
2 919
3 919
4 919
5 919
6 919
7 919
1974 919
1999 919
0 920
1 920
2 920
3 920
4 920
5 920
6 920
7 920
8 920
9 920
10 920
2126 920
2298 920
0 921
1 921
2 921
3 921
4 921
5 921
6 921
7 921
8 921
9 921
10 921
11 921
12 921
13 921
14 921
15 921
16 921
17 921
19 921
21 921
1422 921
1737 921
0 922
1 922
2 922
3 922
4 922
5 922
6 922
7 922
8 922
9 922
10 922
11 922
12 922
13 922
14 922
15 922
16 922
17 922
19 922
1858 922
2248 922
0 923
1 923
2 923
3 923
4 923
5 923
6 923
7 923
8 923
9 923
10 923
1792 923
1858 923
0 924
1 924
2 924
3 924
4 924
5 924
6 924
7 924
1396 924
1522 924
0 925
1 925
2 925
3 925
4 925
5 925
6 925
7 925
8 925
9 925
1391 925
2472 925
0 926
1 926
2 926
3 926
4 926
5 926
6 926
7 926
8 926
9 926
1734 926
1910 926
0 927
1 927
2 927
3 927
4 927
5 927
6 927
7 927
8 927
2067 927
2605 927
0 928
1 928
2 928
3 928
4 928
5 928
1910 928
2029 928
0 929
1 929
2 929
3 929
4 929
5 929
2036 929
2102 929
0 930
1 930
2 930
3 930
4 930
5 930
6 930
2119 930
2300 930
0 931
1 931
2 931
3 931
4 931
5 931
6 931
7 931
1774 931
1798 931
0 932
1 932
2 932
3 932
4 932
5 932
6 932
7 932
2414 932
2466 932
0 933
1 933
2 933
3 933
4 933
5 933
6 933
7 933
2467 933
2538 933
0 934
1 934
2 934
3 934
4 934
5 934
1701 934
1869 934
0 935
1 935
2 935
3 935
4 935
1303 935
1503 935
0 936
1 936
2 936
3 936
4 936
5 936
6 936
1902 936
2110 936
0 937
1 937
2 937
3 937
4 937
6 937
7 937
0 938
1 938
2 938
2 939
1821 941
1459 1105
1457 1106
1458 1106
1459 1106
1460 1106
1461 1106
1311 1107
1364 1107
1458 1107
1459 1107
1460 1107
1461 1107
1462 1107
1407 1108
1457 1108
1458 1108
1459 1108
1460 1108
1461 1108
1462 1108
1451 1109
1457 1109
1458 1109
1459 1109
1460 1109
1461 1109
1462 1109
1454 1110
1457 1110
1458 1110
1459 1110
1460 1110
1461 1110
1462 1110
1416 1111
1458 1111
1459 1111
1460 1111
1461 1111
253 1137
254 1137
259 1137
260 1139
261 1139
262 1139
251 1141
262 1141
249 1142
259 1142
260 1142
262 1142
2486 1142
257 1143
258 1143
260 1143
263 1143
222 1144
262 1144
264 1144
2379 1144
249 1145
257 1145
263 1145
264 1145
266 1145
267 1145
2578 1145
64 1146
255 1146
270 1146
271 1146
1954 1146
2082 1146
258 1147
263 1147
264 1147
266 1147
270 1147
271 1147
257 1148
262 1148
263 1148
2190 1148
2243 1148
262 1149
264 1149
1892 1149
263 1150
264 1150
266 1150
261 1151
264 1151
271 1151
1981 1151
265 1152
1638 1152
262 1153
264 1153
2412 1153
267 1154
1807 1154
2637 1154
265 1155
1959 1155
260 1157
262 1157
263 1157
267 1157
268 1157
260 1158
264 1158
1933 1158
235 1159
259 1159
263 1160
2506 1160
256 1161
264 1161
267 1161
270 1161
184 1162
2371 1162
267 1163
268 1163
269 1163
54 1164
263 1165
2030 1165
135 1166
268 1166
269 1166
270 1166
271 1166
272 1166
2129 1166
265 1167
268 1167
269 1167
270 1167
271 1167
272 1167
273 1167
274 1167
2076 1167
263 1168
265 1168
266 1168
267 1168
268 1168
269 1168
270 1168
271 1168
272 1168
273 1168
274 1168
263 1169
265 1169
266 1169
267 1169
268 1169
269 1169
270 1169
271 1169
272 1169
273 1169
274 1169
68 1170
264 1170
265 1170
266 1170
267 1170
268 1170
269 1170
270 1170
271 1170
272 1170
273 1170
274 1170
275 1170
2135 1170
259 1171
261 1171
264 1171
265 1171
266 1171
267 1171
268 1171
269 1171
270 1171
271 1171
272 1171
273 1171
274 1171
275 1171
276 1171
2300 1171
264 1172
265 1172
266 1172
267 1172
268 1172
269 1172
270 1172
271 1172
272 1172
273 1172
274 1172
275 1172
276 1172
264 1173
265 1173
266 1173
267 1173
268 1173
269 1173
270 1173
271 1173
272 1173
273 1173
274 1173
275 1173
276 1173
249 1174
264 1174
266 1174
267 1174
268 1174
269 1174
270 1174
271 1174
272 1174
273 1174
274 1174
266 1175
267 1175
268 1175
269 1175
270 1175
271 1175
272 1175
274 1175
269 1177
270 1177
271 1177
272 1177
268 1178
267 1180
271 1180
255 1181
270 1181
276 1181
2169 1182
2228 1182
257 1184
256 1185
256 1186
273 1186
1543 1186
140 1187
273 1187
243 1188
277 1188
2473 1188
258 1190
265 1190
2681 1190
268 1191
2501 1191
269 1192
1520 1192
271 1193
272 1193
273 1193
277 1193
271 1194
272 1194
273 1194
2040 1194
269 1195
270 1195
275 1195
276 1195
1779 1195
1946 1195
278 1196
276 1198
1765 1198
2131 1199
2697 1199
274 1200
1330 1218
1337 1219
1316 1220
1331 1220
1332 1220
1336 1220
1339 1220
1315 1222
1333 1222
1334 1222
1336 1222
1337 1222
1340 1222
1331 1223
1332 1223
1313 1225
1064 1226
1121 1227
1192 1228
1274 1229
1283 1229
1333 1229
1317 1231
1329 1231
1152 1232
1820 1393
1899 1394
1896 1395
1764 1396
2299 1396
1838 1397
2030 1397
2290 1397
2301 1397
1908 1398
2219 1398
2299 1398
2300 1398
2197 1399
2293 1399
2294 1399
2302 1399
2109 1401
2290 1401
2030 1402
2288 1402
2298 1402
2293 1403
2294 1403
2295 1404
2292 1406
2293 1406
2294 1406
2291 1407
2292 1407
2293 1407
2294 1407
2295 1407
2297 1407
2298 1407
2306 1407
2312 1407
2289 1408
2291 1408
2292 1408
2293 1408
2294 1408
2295 1408
2296 1408
2297 1408
2298 1408
2299 1408
2300 1408
2316 1408
2289 1409
2290 1409
2291 1409
2292 1409
2293 1409
2294 1409
2295 1409
2296 1409
2297 1409
2298 1409
2299 1409
2300 1409
2301 1409
2302 1409
2311 1409
2312 1409
2290 1410
2291 1410
2292 1410
2293 1410
2294 1410
2295 1410
2296 1410
2297 1410
2298 1410
2299 1410
2300 1410
2301 1410
2302 1410
2291 1411
2292 1411
2293 1411
2294 1411
2295 1411
2296 1411
2297 1411
2298 1411
2299 1411
2300 1411
2301 1411
2302 1411
2313 1411
2291 1412
2292 1412
2293 1412
2294 1412
2295 1412
2296 1412
2297 1412
2298 1412
2299 1412
2300 1412
2301 1412
2302 1412
2316 1412
2291 1413
2292 1413
2293 1413
2294 1413
2295 1413
2296 1413
2297 1413
2298 1413
2299 1413
2300 1413
2301 1413
2310 1413
2311 1413
2671 1413
2672 1413
2292 1414
2293 1414
2294 1414
2295 1414
2296 1414
2297 1414
2298 1414
2299 1414
2300 1414
2301 1414
2310 1414
2311 1414
2675 1414
2677 1414
2291 1415
2292 1415
2293 1415
2294 1415
2295 1415
2296 1415
2297 1415
2298 1415
2299 1415
2300 1415
2301 1415
2311 1415
2313 1415
2291 1416
2292 1416
2293 1416
2294 1416
2295 1416
2296 1416
2297 1416
2298 1416
2299 1416
2300 1416
2316 1416
2649 1416
2661 1416
2664 1416
2666 1416
2671 1416
2292 1417
2293 1417
2294 1417
2295 1417
2296 1417
2297 1417
2298 1417
2299 1417
2300 1417
2310 1417
2605 1417
2660 1417
2664 1417
2666 1417
2667 1417
2669 1417
2672 1417
2293 1418
2294 1418
2295 1418
2296 1418
2297 1418
2298 1418
2299 1418
2392 1418
2484 1418
2648 1418
2660 1418
2663 1418
2669 1418
2295 1419
2296 1419
2297 1419
2298 1419
2299 1419
2307 1419
2666 1419
2667 1419
2668 1419
2669 1419
2671 1419
2672 1419
2307 1420
2666 1420
2668 1420
2669 1420
2300 1421
2318 1421
2654 1421
2659 1421
2660 1421
2666 1421
2667 1421
2668 1421
2671 1421
2307 1422
2657 1422
2658 1422
2662 1422
2663 1422
2666 1422
2667 1422
2668 1422
2671 1422
2414 1423
2637 1423
2656 1423
2657 1423
2661 1423
2662 1423
2665 1423
2666 1423
2668 1423
2669 1423
2670 1423
2277 1424
2464 1424
2652 1424
2659 1424
2661 1424
2662 1424
2670 1424
2671 1424
2386 1425
2622 1425
2652 1425
2660 1425
2661 1425
2662 1425
2665 1425
2667 1425
2669 1425
1986 1426
2655 1426
2656 1426
2661 1426
2662 1426
2666 1426
2667 1426
2669 1426
2670 1426
2672 1426
2354 1427
2650 1427
2652 1427
2653 1427
2656 1427
2658 1427
2661 1427
2663 1427
2667 1427
2619 1428
2648 1428
2649 1428
2658 1428
2661 1428
2662 1428
2663 1428
2308 1429
2645 1429
2653 1429
2658 1429
2659 1429
2660 1429
2307 1430
2645 1430
2656 1430
2658 1430
2659 1430
2669 1430
2100 1431
2644 1431
2652 1431
2656 1431
2658 1431
2661 1431
2665 1431
2143 1432
2502 1432
2653 1432
2654 1432
2655 1432
2656 1432
2664 1432
2665 1432
2101 1433
2199 1433
2635 1433
2640 1433
2652 1433
2653 1433
2654 1433
2656 1433
2659 1433
2662 1433
2099 1434
2101 1434
2636 1434
2640 1434
2648 1434
2649 1434
2650 1434
2651 1434
2653 1434
2100 1435
2122 1435
2637 1435
2640 1435
2648 1435
2649 1435
2650 1435
2100 1436
2640 1436
2643 1436
2645 1436
2646 1436
2647 1436
2122 1437
2642 1437
2646 1437
1668 1438
2122 1438
2641 1438
2642 1438
1724 1439
2102 1439
2188 1439
2642 1439
2643 1439
2168 1440
2096 1441
2098 1441
2100 1441
1674 1442
2083 1442
2086 1442
2096 1442
2086 1443
2088 1443
2087 1444
2084 1445
2085 1445
2087 1445
2028 1446
2088 1446
1846 1447
2083 1447
2085 1447
2087 1447
2088 1447
2075 1448
2084 1448
2085 1448
1750 1449
2077 1450
1910 1453
1913 1454
993 1557
994 1557
995 1557
992 1558
993 1558
994 1558
995 1558
996 1558
990 1559
992 1559
993 1559
994 1559
995 1559
996 1559
1374 1559
834 1560
992 1560
993 1560
994 1560
995 1560
996 1560
997 1560
992 1561
993 1561
994 1561
995 1561
996 1561
1367 1561
1389 1561
1390 1561
1214 1562
1390 1562
1394 1562
1379 1563
1393 1563
1399 1563
1386 1564
1387 1564
1392 1564
1399 1564
1339 1565
1384 1565
1394 1565
1395 1565
1399 1565
1368 1566
1384 1566
1386 1566
1392 1566
1396 1566
1397 1566
1400 1566
1402 1566
1376 1567
1385 1567
1394 1567
1405 1567
1381 1568
1386 1568
1400 1568
1388 1569
1389 1569
1394 1569
1402 1569
1406 1569
1377 1570
1390 1570
1394 1570
1395 1570
1404 1570
1393 1571
1394 1571
1403 1571
1396 1572
1403 1572
1401 1574
1402 1574
1384 1575
1400 1575
1386 1576
1392 1576
1397 1576
1398 1577
867 1600
879 1600
710 1601
724 1601
879 1601
882 1601
878 1602
880 1602
796 1603
870 1603
872 1603
877 1603
879 1603
856 1604
875 1604
879 1604
874 1605
875 1605
873 1606
875 1606
876 1606
870 1607
871 1607
873 1607
875 1607
876 1607
878 1607
880 1607
866 1608
874 1608
875 1608
874 1609
875 1609
876 1609
877 1609
878 1609
881 1609
871 1610
872 1610
873 1610
874 1610
875 1610
876 1610
878 1610
870 1611
871 1611
872 1611
873 1611
874 1611
875 1611
876 1611
877 1611
869 1612
870 1612
871 1612
872 1612
873 1612
874 1612
877 1612
867 1613
868 1613
869 1613
870 1613
871 1613
872 1613
878 1613
865 1614
867 1614
868 1614
869 1614
870 1614
866 1615
868 1615
869 1615
870 1615
867 1616
868 1616
870 1616
879 1616
1630 1620
1629 1622
1630 1622
1627 1623
1629 1623
1630 1623
1628 1624
1629 1624
1630 1624
1570 1625
1628 1625
1629 1625
1630 1625
1627 1626
1628 1626
1629 1626
1630 1626
1458 1627
1628 1627
1629 1627
1627 1628
1628 1628
1629 1628
1627 1629
1628 1629
1627 1630
1628 1630
1626 1631
990 1909
991 1909
992 1909
993 1909
988 1910
991 1910
992 1910
993 1910
994 1910
988 1911
991 1911
992 1911
993 1911
994 1911
995 1911
898 1912
991 1912
992 1912
993 1912
994 1912
767 1913
991 1913
992 1913
993 1913
994 1913
2546 1976
1784 1977
1953 1977
317 1978
320 1978
322 1978
2141 1978
138 1979
2528 1979
318 1980
124 1981
149 1981
314 1981
261 1982
313 1982
130 1983
307 1983
309 1983
315 1983
316 1983
317 1983
319 1983
122 1984
131 1984
309 1984
313 1984
314 1984
315 1984
316 1984
2015 1984
309 1985
313 1985
315 1985
316 1985
319 1985
320 1985
321 1985
311 1986
312 1986
313 1986
319 1986
323 1986
19 1987
312 1987
313 1987
323 1987
324 1987
1501 1987
2098 1987
311 1988
315 1988
316 1988
317 1988
318 1988
319 1988
320 1988
325 1988
326 1988
327 1988
331 1988
236 1989
310 1989
311 1989
314 1989
315 1989
316 1989
317 1989
318 1989
319 1989
320 1989
321 1989
322 1989
326 1989
328 1989
1451 1989
299 1990
306 1990
313 1990
314 1990
315 1990
316 1990
317 1990
318 1990
319 1990
320 1990
321 1990
322 1990
323 1990
327 1990
1449 1990
1450 1990
1451 1990
1452 1990
1453 1990
66 1991
306 1991
314 1991
315 1991
316 1991
317 1991
318 1991
319 1991
320 1991
321 1991
322 1991
323 1991
327 1991
330 1991
1449 1991
1450 1991
1451 1991
1452 1991
1453 1991
314 1992
315 1992
316 1992
317 1992
318 1992
319 1992
320 1992
321 1992
322 1992
323 1992
325 1992
329 1992
1448 1992
1449 1992
1450 1992
1451 1992
1452 1992
1453 1992
132 1993
305 1993
314 1993
315 1993
316 1993
317 1993
318 1993
319 1993
320 1993
321 1993
322 1993
323 1993
324 1993
325 1993
329 1993
1411 1993
1449 1993
1450 1993
1451 1993
1452 1993
1453 1993
305 1994
306 1994
316 1994
317 1994
318 1994
319 1994
320 1994
321 1994
324 1994
325 1994
1450 1994
1451 1994
306 1995
307 1995
314 1995
318 1995
319 1995
330 1995
307 1996
310 1996
313 1996
326 1996
328 1996
330 1996
307 1997
323 1997
327 1997
330 1997
331 1997
308 1998
325 1998
330 1998
331 1998
324 1999
306 2000
324 2000
329 2000
306 2001
307 2001
309 2001
313 2001
306 2002
307 2002
115 2003
306 2003
307 2003
309 2003
2534 2003
309 2004
312 2004
314 2004
309 2005
310 2005
312 2005
314 2005
294 2006
308 2006
309 2006
317 2006
318 2006
2132 2006
315 2007
317 2007
318 2007
318 2008
319 2008
2132 2008
303 2009
74 2011
2133 2011
256 2013
1341 2179
1571 2181
1616 2181
1757 2182
1792 2182
1744 2183
1829 2183
2098 2183
2099 2183
2100 2183
1569 2184
1615 2184
2093 2184
2094 2184
2095 2184
2096 2184
2097 2184
2098 2184
2099 2184
2100 2184
2101 2184
2102 2184
2103 2184
2106 2184
1679 2185
1804 2185
1814 2185
1817 2185
1818 2185
2091 2185
2092 2185
2093 2185
2094 2185
2095 2185
2096 2185
2097 2185
2098 2185
2099 2185
2100 2185
2101 2185
2102 2185
2103 2185
2106 2185
1804 2186
1806 2186
2089 2186
2090 2186
2091 2186
2092 2186
2093 2186
2094 2186
2095 2186
2096 2186
2097 2186
2098 2186
2099 2186
2100 2186
2101 2186
2102 2186
2103 2186
2104 2186
1468 2187
1801 2187
1803 2187
1807 2187
1814 2187
1821 2187
2089 2187
2090 2187
2091 2187
2092 2187
2093 2187
2094 2187
2095 2187
2096 2187
2097 2187
2098 2187
2099 2187
2100 2187
1690 2188
1720 2188
1794 2188
1801 2188
1823 2188
2089 2188
2090 2188
2091 2188
2092 2188
2093 2188
2094 2188
2095 2188
2096 2188
2097 2188
1794 2189
1798 2189
1807 2189
1827 2189
1828 2189
2091 2189
1386 2190
1474 2190
1795 2190
1796 2190
1798 2190
1806 2190
1812 2190
1816 2190
1820 2190
1821 2190
1822 2190
1828 2190
1829 2190
1830 2190
1835 2190
1639 2191
1673 2191
1804 2191
1805 2191
1820 2191
1821 2191
1822 2191
1823 2191
1826 2191
1829 2191
1831 2191
1832 2191
1833 2191
1840 2191
1536 2192
1697 2192
1790 2192
1797 2192
1805 2192
1808 2192
1814 2192
1818 2192
1819 2192
1821 2192
1822 2192
1823 2192
1824 2192
1825 2192
1828 2192
1830 2192
1831 2192
1837 2192
1838 2192
1839 2192
1846 2192
1790 2193
1798 2193
1803 2193
1807 2193
1810 2193
1811 2193
1813 2193
1814 2193
1819 2193
1820 2193
1821 2193
1822 2193
1824 2193
1830 2193
1831 2193
1832 2193
1833 2193
1834 2193
1837 2193
1848 2193
1761 2194
1780 2194
1798 2194
1811 2194
1812 2194
1813 2194
1814 2194
1816 2194
1818 2194
1821 2194
1822 2194
1823 2194
1824 2194
1826 2194
1827 2194
1828 2194
1829 2194
1830 2194
1831 2194
1832 2194
1833 2194
1834 2194
1835 2194
1837 2194
1838 2194
1840 2194
1843 2194
1607 2195
1644 2195
1797 2195
1800 2195
1806 2195
1809 2195
1810 2195
1811 2195
1813 2195
1815 2195
1816 2195
1818 2195
1819 2195
1820 2195
1821 2195
1822 2195
1823 2195
1824 2195
1825 2195
1830 2195
1831 2195
1832 2195
1833 2195
1835 2195
1838 2195
1841 2195
1843 2195
1413 2196
1565 2196
1793 2196
1798 2196
1799 2196
1800 2196
1801 2196
1802 2196
1807 2196
1808 2196
1814 2196
1815 2196
1816 2196
1817 2196
1818 2196
1819 2196
1820 2196
1821 2196
1822 2196
1823 2196
1824 2196
1825 2196
1827 2196
1831 2196
1832 2196
1835 2196
1836 2196
1838 2196
1839 2196
1840 2196
1845 2196
1479 2197
1790 2197
1796 2197
1800 2197
1802 2197
1803 2197
1804 2197
1806 2197
1807 2197
1808 2197
1809 2197
1810 2197
1811 2197
1812 2197
1813 2197
1816 2197
1817 2197
1818 2197
1820 2197
1821 2197
1823 2197
1827 2197
1832 2197
1833 2197
1834 2197
1835 2197
1838 2197
1839 2197
1840 2197
1841 2197
1842 2197
1774 2198
1790 2198
1794 2198
1796 2198
1799 2198
1800 2198
1801 2198
1802 2198
1803 2198
1804 2198
1805 2198
1806 2198
1807 2198
1808 2198
1809 2198
1810 2198
1811 2198
1812 2198
1813 2198
1814 2198
1815 2198
1817 2198
1818 2198
1821 2198
1822 2198
1823 2198
1824 2198
1825 2198
1826 2198
1827 2198
1828 2198
1829 2198
1832 2198
1833 2198
1835 2198
1836 2198
1837 2198
1840 2198
1841 2198
1842 2198
1843 2198
1844 2198
1845 2198
1847 2198
1850 2198
1662 2199
1696 2199
1792 2199
1794 2199
1795 2199
1800 2199
1801 2199
1803 2199
1804 2199
1806 2199
1807 2199
1808 2199
1809 2199
1810 2199
1811 2199
1812 2199
1813 2199
1814 2199
1816 2199
1817 2199
1818 2199
1819 2199
1820 2199
1821 2199
1822 2199
1824 2199
1825 2199
1826 2199
1827 2199
1828 2199
1829 2199
1831 2199
1833 2199
1834 2199
1835 2199
1837 2199
1840 2199
1841 2199
1842 2199
1845 2199
1847 2199
1852 2199
1646 2200
1649 2200
1797 2200
1798 2200
1799 2200
1800 2200
1801 2200
1803 2200
1804 2200
1805 2200
1806 2200
1807 2200
1808 2200
1809 2200
1810 2200
1811 2200
1812 2200
1813 2200
1814 2200
1815 2200
1816 2200
1817 2200
1819 2200
1820 2200
1821 2200
1822 2200
1823 2200
1824 2200
1825 2200
1826 2200
1827 2200
1828 2200
1829 2200
1830 2200
1832 2200
1835 2200
1836 2200
1837 2200
1838 2200
1839 2200
1840 2200
1841 2200
1843 2200
1846 2200
1847 2200
1848 2200
1583 2201
1617 2201
1795 2201
1797 2201
1800 2201
1801 2201
1802 2201
1803 2201
1804 2201
1805 2201
1806 2201
1807 2201
1808 2201
1809 2201
1810 2201
1811 2201
1812 2201
1813 2201
1814 2201
1815 2201
1816 2201
1817 2201
1818 2201
1819 2201
1820 2201
1821 2201
1822 2201
1823 2201
1824 2201
1825 2201
1826 2201
1827 2201
1828 2201
1829 2201
1830 2201
1832 2201
1833 2201
1834 2201
1835 2201
1837 2201
1838 2201
1839 2201
1841 2201
1842 2201
1844 2201
1845 2201
1846 2201
1848 2201
1518 2202
1736 2202
1790 2202
1796 2202
1798 2202
1799 2202
1800 2202
1802 2202
1803 2202
1804 2202
1805 2202
1806 2202
1807 2202
1808 2202
1809 2202
1810 2202
1811 2202
1812 2202
1813 2202
1815 2202
1816 2202
1817 2202
1818 2202
1819 2202
1820 2202
1821 2202
1822 2202
1823 2202
1824 2202
1825 2202
1827 2202
1828 2202
1829 2202
1830 2202
1831 2202
1832 2202
1834 2202
1837 2202
1838 2202
1839 2202
1841 2202
1842 2202
1843 2202
1845 2202
1847 2202
1848 2202
1849 2202
1852 2202
1757 2203
1765 2203
1780 2203
1790 2203
1795 2203
1796 2203
1797 2203
1798 2203
1799 2203
1802 2203
1803 2203
1804 2203
1805 2203
1806 2203
1807 2203
1808 2203
1809 2203
1810 2203
1811 2203
1812 2203
1813 2203
1814 2203
1815 2203
1816 2203
1817 2203
1818 2203
1819 2203
1820 2203
1821 2203
1822 2203
1823 2203
1824 2203
1825 2203
1826 2203
1827 2203
1828 2203
1829 2203
1830 2203
1831 2203
1832 2203
1833 2203
1834 2203
1835 2203
1836 2203
1837 2203
1838 2203
1840 2203
1841 2203
1842 2203
1843 2203
1844 2203
1846 2203
1847 2203
1848 2203
1849 2203
1850 2203
1526 2204
1576 2204
1786 2204
1790 2204
1791 2204
1792 2204
1794 2204
1795 2204
1796 2204
1799 2204
1800 2204
1801 2204
1802 2204
1803 2204
1804 2204
1805 2204
1806 2204
1807 2204
1808 2204
1809 2204
1810 2204
1811 2204
1812 2204
1813 2204
1814 2204
1815 2204
1816 2204
1817 2204
1818 2204
1819 2204
1820 2204
1821 2204
1822 2204
1823 2204
1824 2204
1825 2204
1826 2204
1827 2204
1828 2204
1829 2204
1830 2204
1831 2204
1832 2204
1834 2204
1835 2204
1836 2204
1837 2204
1838 2204
1839 2204
1840 2204
1841 2204
1842 2204
1843 2204
1844 2204
1845 2204
1846 2204
1847 2204
1848 2204
1856 2204
1590 2205
1597 2205
1783 2205
1784 2205
1787 2205
1790 2205
1793 2205
1794 2205
1795 2205
1797 2205
1798 2205
1799 2205
1800 2205
1801 2205
1802 2205
1803 2205
1804 2205
1805 2205
1806 2205
1807 2205
1808 2205
1809 2205
1810 2205
1811 2205
1812 2205
1813 2205
1814 2205
1815 2205
1816 2205
1817 2205
1818 2205
1819 2205
1820 2205
1821 2205
1822 2205
1823 2205
1824 2205
1825 2205
1826 2205
1827 2205
1828 2205
1829 2205
1830 2205
1831 2205
1832 2205
1833 2205
1834 2205
1835 2205
1836 2205
1837 2205
1838 2205
1839 2205
1840 2205
1841 2205
1842 2205
1843 2205
1844 2205
1845 2205
1846 2205
1847 2205
1848 2205
1850 2205
1853 2205
1856 2205
1858 2205
1490 2206
1632 2206
1786 2206
1787 2206
1788 2206
1792 2206
1794 2206
1796 2206
1798 2206
1801 2206
1802 2206
1803 2206
1804 2206
1805 2206
1807 2206
1808 2206
1809 2206
1810 2206
1811 2206
1812 2206
1814 2206
1815 2206
1816 2206
1817 2206
1818 2206
1819 2206
1820 2206
1821 2206
1822 2206
1823 2206
1824 2206
1825 2206
1826 2206
1827 2206
1829 2206
1831 2206
1832 2206
1833 2206
1834 2206
1835 2206
1836 2206
1837 2206
1838 2206
1839 2206
1840 2206
1841 2206
1843 2206
1844 2206
1845 2206
1846 2206
1847 2206
1848 2206
1849 2206
1850 2206
1852 2206
1853 2206
1854 2206
1855 2206
1856 2206
1626 2207
1634 2207
1781 2207
1782 2207
1783 2207
1787 2207
1788 2207
1789 2207
1790 2207
1792 2207
1794 2207
1795 2207
1796 2207
1797 2207
1799 2207
1800 2207
1801 2207
1802 2207
1803 2207
1804 2207
1805 2207
1806 2207
1807 2207
1808 2207
1809 2207
1810 2207
1811 2207
1812 2207
1813 2207
1814 2207
1815 2207
1816 2207
1818 2207
1819 2207
1820 2207
1821 2207
1822 2207
1823 2207
1824 2207
1825 2207
1827 2207
1828 2207
1829 2207
1830 2207
1831 2207
1832 2207
1833 2207
1834 2207
1835 2207
1837 2207
1838 2207
1839 2207
1840 2207
1841 2207
1842 2207
1844 2207
1845 2207
1851 2207
1852 2207
1853 2207
1854 2207
1855 2207
1719 2208
1773 2208
1787 2208
1788 2208
1789 2208
1790 2208
1792 2208
1794 2208
1796 2208
1797 2208
1798 2208
1799 2208
1800 2208
1801 2208
1802 2208
1803 2208
1804 2208
1805 2208
1807 2208
1808 2208
1809 2208
1810 2208
1811 2208
1812 2208
1813 2208
1814 2208
1815 2208
1816 2208
1817 2208
1818 2208
1819 2208
1820 2208
1821 2208
1822 2208
1823 2208
1824 2208
1825 2208
1826 2208
1827 2208
1828 2208
1829 2208
1830 2208
1831 2208
1832 2208
1833 2208
1834 2208
1835 2208
1836 2208
1837 2208
1839 2208
1840 2208
1841 2208
1842 2208
1843 2208
1844 2208
1845 2208
1846 2208
1847 2208
1848 2208
1850 2208
1851 2208
1852 2208
1854 2208
1855 2208
1637 2209
1676 2209
1779 2209
1788 2209
1791 2209
1792 2209
1794 2209
1795 2209
1796 2209
1797 2209
1798 2209
1799 2209
1800 2209
1801 2209
1802 2209
1803 2209
1804 2209
1805 2209
1806 2209
1807 2209
1808 2209
1810 2209
1811 2209
1812 2209
1813 2209
1814 2209
1815 2209
1816 2209
1817 2209
1818 2209
1819 2209
1820 2209
1821 2209
1823 2209
1825 2209
1826 2209
1827 2209
1828 2209
1829 2209
1830 2209
1831 2209
1833 2209
1834 2209
1835 2209
1836 2209
1838 2209
1839 2209
1840 2209
1841 2209
1842 2209
1843 2209
1844 2209
1845 2209
1846 2209
1847 2209
1849 2209
1851 2209
1852 2209
1853 2209
1854 2209
1855 2209
1858 2209
1773 2210
1775 2210
1790 2210
1791 2210
1793 2210
1794 2210
1795 2210
1796 2210
1797 2210
1798 2210
1799 2210
1800 2210
1801 2210
1802 2210
1803 2210
1804 2210
1805 2210
1806 2210
1807 2210
1808 2210
1809 2210
1810 2210
1811 2210
1812 2210
1813 2210
1814 2210
1815 2210
1816 2210
1817 2210
1818 2210
1819 2210
1820 2210
1821 2210
1822 2210
1823 2210
1824 2210
1825 2210
1827 2210
1828 2210
1829 2210
1831 2210
1832 2210
1834 2210
1835 2210
1836 2210
1837 2210
1838 2210
1839 2210
1840 2210
1841 2210
1842 2210
1843 2210
1845 2210
1846 2210
1847 2210
1848 2210
1850 2210
1851 2210
1852 2210
1853 2210
1857 2210
1635 2211
1645 2211
1786 2211
1789 2211
1791 2211
1793 2211
1794 2211
1795 2211
1797 2211
1799 2211
1800 2211
1801 2211
1803 2211
1804 2211
1805 2211
1806 2211
1807 2211
1808 2211
1809 2211
1810 2211
1811 2211
1812 2211
1813 2211
1814 2211
1815 2211
1816 2211
1817 2211
1818 2211
1819 2211
1821 2211
1822 2211
1823 2211
1824 2211
1825 2211
1826 2211
1829 2211
1830 2211
1832 2211
1833 2211
1834 2211
1835 2211
1836 2211
1837 2211
1838 2211
1839 2211
1840 2211
1841 2211
1842 2211
1843 2211
1844 2211
1845 2211
1846 2211
1847 2211
1848 2211
1851 2211
1852 2211
1853 2211
1854 2211
1856 2211
1857 2211
1635 2212
1717 2212
1780 2212
1785 2212
1786 2212
1787 2212
1788 2212
1789 2212
1790 2212
1793 2212
1795 2212
1796 2212
1797 2212
1798 2212
1799 2212
1800 2212
1801 2212
1802 2212
1803 2212
1804 2212
1805 2212
1806 2212
1808 2212
1809 2212
1810 2212
1811 2212
1812 2212
1813 2212
1814 2212
1815 2212
1816 2212
1818 2212
1819 2212
1821 2212
1822 2212
1823 2212
1824 2212
1825 2212
1826 2212
1827 2212
1828 2212
1829 2212
1831 2212
1833 2212
1835 2212
1836 2212
1837 2212
1838 2212
1839 2212
1840 2212
1841 2212
1842 2212
1843 2212
1844 2212
1845 2212
1848 2212
1850 2212
1851 2212
1853 2212
1854 2212
1855 2212
1856 2212
1857 2212
1858 2212
1859 2212
1860 2212
1861 2212
1633 2213
1634 2213
1778 2213
1779 2213
1787 2213
1789 2213
1790 2213
1791 2213
1792 2213
1793 2213
1794 2213
1795 2213
1797 2213
1798 2213
1799 2213
1800 2213
1802 2213
1804 2213
1805 2213
1806 2213
1807 2213
1809 2213
1810 2213
1811 2213
1812 2213
1813 2213
1814 2213
1815 2213
1816 2213
1817 2213
1818 2213
1819 2213
1821 2213
1822 2213
1823 2213
1824 2213
1826 2213
1827 2213
1829 2213
1830 2213
1831 2213
1833 2213
1834 2213
1835 2213
1836 2213
1838 2213
1839 2213
1840 2213
1841 2213
1842 2213
1843 2213
1844 2213
1845 2213
1846 2213
1848 2213
1849 2213
1850 2213
1851 2213
1852 2213
1853 2213
1854 2213
1856 2213
1858 2213
1859 2213
1861 2213
1862 2213
1635 2214
1640 2214
1783 2214
1785 2214
1786 2214
1787 2214
1790 2214
1791 2214
1792 2214
1793 2214
1794 2214
1795 2214
1796 2214
1797 2214
1798 2214
1799 2214
1800 2214
1801 2214
1802 2214
1803 2214
1804 2214
1805 2214
1806 2214
1807 2214
1808 2214
1809 2214
1810 2214
1811 2214
1812 2214
1814 2214
1815 2214
1816 2214
1817 2214
1818 2214
1819 2214
1820 2214
1821 2214
1822 2214
1824 2214
1825 2214
1827 2214
1828 2214
1830 2214
1835 2214
1836 2214
1840 2214
1841 2214
1843 2214
1844 2214
1846 2214
1847 2214
1848 2214
1850 2214
1852 2214
1853 2214
1854 2214
1855 2214
1856 2214
1857 2214
1859 2214
1860 2214
1861 2214
1865 2214
1866 2214
1634 2215
1636 2215
1786 2215
1788 2215
1789 2215
1790 2215
1791 2215
1792 2215
1793 2215
1794 2215
1795 2215
1796 2215
1797 2215
1798 2215
1799 2215
1800 2215
1801 2215
1803 2215
1804 2215
1805 2215
1806 2215
1807 2215
1809 2215
1810 2215
1812 2215
1813 2215
1814 2215
1815 2215
1816 2215
1817 2215
1819 2215
1820 2215
1821 2215
1822 2215
1824 2215
1827 2215
1829 2215
1830 2215
1832 2215
1833 2215
1834 2215
1836 2215
1837 2215
1838 2215
1839 2215
1840 2215
1841 2215
1842 2215
1844 2215
1845 2215
1846 2215
1847 2215
1848 2215
1850 2215
1851 2215
1853 2215
1854 2215
1855 2215
1857 2215
1859 2215
1860 2215
1861 2215
1731 2216
1758 2216
1783 2216
1784 2216
1786 2216
1787 2216
1788 2216
1789 2216
1790 2216
1791 2216
1792 2216
1793 2216
1794 2216
1796 2216
1797 2216
1798 2216
1799 2216
1800 2216
1801 2216
1802 2216
1803 2216
1804 2216
1805 2216
1806 2216
1807 2216
1808 2216
1810 2216
1812 2216
1814 2216
1815 2216
1818 2216
1820 2216
1821 2216
1822 2216
1823 2216
1825 2216
1828 2216
1829 2216
1830 2216
1833 2216
1834 2216
1835 2216
1836 2216
1837 2216
1838 2216
1839 2216
1840 2216
1841 2216
1842 2216
1843 2216
1844 2216
1845 2216
1846 2216
1847 2216
1848 2216
1849 2216
1851 2216
1853 2216
1854 2216
1855 2216
1856 2216
1857 2216
1858 2216
1859 2216
1861 2216
1674 2217
1739 2217
1783 2217
1784 2217
1786 2217
1787 2217
1788 2217
1789 2217
1790 2217
1791 2217
1792 2217
1793 2217
1794 2217
1795 2217
1796 2217
1797 2217
1798 2217
1799 2217
1800 2217
1801 2217
1802 2217
1803 2217
1804 2217
1805 2217
1806 2217
1807 2217
1808 2217
1809 2217
1810 2217
1811 2217
1812 2217
1813 2217
1814 2217
1816 2217
1817 2217
1818 2217
1819 2217
1821 2217
1822 2217
1823 2217
1824 2217
1825 2217
1827 2217
1829 2217
1831 2217
1833 2217
1834 2217
1835 2217
1836 2217
1838 2217
1839 2217
1840 2217
1841 2217
1842 2217
1843 2217
1844 2217
1845 2217
1846 2217
1847 2217
1848 2217
1849 2217
1851 2217
1852 2217
1854 2217
1855 2217
1856 2217
1857 2217
1862 2217
1864 2217
1634 2218
1635 2218
1784 2218
1785 2218
1786 2218
1787 2218
1788 2218
1789 2218
1790 2218
1791 2218
1793 2218
1794 2218
1797 2218
1798 2218
1799 2218
1800 2218
1801 2218
1802 2218
1803 2218
1804 2218
1805 2218
1806 2218
1807 2218
1808 2218
1809 2218
1810 2218
1812 2218
1817 2218
1818 2218
1819 2218
1820 2218
1821 2218
1822 2218
1823 2218
1824 2218
1825 2218
1826 2218
1827 2218
1829 2218
1830 2218
1832 2218
1834 2218
1836 2218
1837 2218
1838 2218
1839 2218
1841 2218
1842 2218
1843 2218
1844 2218
1845 2218
1846 2218
1847 2218
1848 2218
1849 2218
1850 2218
1851 2218
1852 2218
1853 2218
1854 2218
1855 2218
1857 2218
1859 2218
1860 2218
1862 2218
1863 2218
1645 2219
1766 2219
1781 2219
1782 2219
1783 2219
1784 2219
1785 2219
1786 2219
1787 2219
1788 2219
1789 2219
1790 2219
1791 2219
1793 2219
1794 2219
1797 2219
1798 2219
1800 2219
1801 2219
1802 2219
1803 2219
1804 2219
1805 2219
1808 2219
1809 2219
1810 2219
1811 2219
1813 2219
1815 2219
1816 2219
1817 2219
1818 2219
1819 2219
1820 2219
1821 2219
1822 2219
1823 2219
1824 2219
1825 2219
1826 2219
1827 2219
1828 2219
1830 2219
1831 2219
1836 2219
1837 2219
1838 2219
1839 2219
1840 2219
1841 2219
1842 2219
1843 2219
1844 2219
1845 2219
1846 2219
1848 2219
1849 2219
1850 2219
1853 2219
1854 2219
1855 2219
1856 2219
1857 2219
1859 2219
1860 2219
1861 2219
1862 2219
1863 2219
1864 2219
1866 2219
1740 2220
1772 2220
1781 2220
1782 2220
1783 2220
1784 2220
1785 2220
1786 2220
1787 2220
1788 2220
1789 2220
1790 2220
1791 2220
1792 2220
1793 2220
1794 2220
1796 2220
1797 2220
1798 2220
1800 2220
1802 2220
1803 2220
1805 2220
1806 2220
1807 2220
1810 2220
1812 2220
1814 2220
1815 2220
1816 2220
1817 2220
1818 2220
1819 2220
1820 2220
1821 2220
1822 2220
1823 2220
1824 2220
1825 2220
1826 2220
1827 2220
1828 2220
1829 2220
1830 2220
1831 2220
1832 2220
1837 2220
1840 2220
1841 2220
1842 2220
1843 2220
1844 2220
1845 2220
1846 2220
1847 2220
1848 2220
1849 2220
1851 2220
1852 2220
1853 2220
1855 2220
1856 2220
1857 2220
1858 2220
1859 2220
1860 2220
1861 2220
1863 2220
1864 2220
1866 2220
1868 2220
1745 2221
1772 2221
1779 2221
1781 2221
1783 2221
1784 2221
1786 2221
1787 2221
1788 2221
1789 2221
1791 2221
1792 2221
1793 2221
1794 2221
1795 2221
1796 2221
1797 2221
1798 2221
1799 2221
1800 2221
1801 2221
1802 2221
1803 2221
1804 2221
1805 2221
1806 2221
1807 2221
1810 2221
1811 2221
1812 2221
1813 2221
1814 2221
1815 2221
1816 2221
1817 2221
1818 2221
1819 2221
1820 2221
1821 2221
1822 2221
1823 2221
1824 2221
1825 2221
1826 2221
1827 2221
1828 2221
1829 2221
1830 2221
1831 2221
1832 2221
1833 2221
1834 2221
1835 2221
1841 2221
1842 2221
1843 2221
1844 2221
1845 2221
1846 2221
1848 2221
1849 2221
1850 2221
1851 2221
1852 2221
1853 2221
1854 2221
1855 2221
1856 2221
1857 2221
1858 2221
1860 2221
1862 2221
1690 2222
1740 2222
1784 2222
1785 2222
1786 2222
1787 2222
1788 2222
1789 2222
1790 2222
1791 2222
1792 2222
1794 2222
1795 2222
1796 2222
1797 2222
1798 2222
1799 2222
1800 2222
1801 2222
1803 2222
1804 2222
1805 2222
1806 2222
1808 2222
1810 2222
1811 2222
1812 2222
1813 2222
1814 2222
1815 2222
1816 2222
1817 2222
1818 2222
1819 2222
1820 2222
1821 2222
1822 2222
1823 2222
1824 2222
1825 2222
1826 2222
1827 2222
1828 2222
1829 2222
1830 2222
1831 2222
1832 2222
1833 2222
1834 2222
1835 2222
1840 2222
1842 2222
1843 2222
1844 2222
1845 2222
1846 2222
1847 2222
1848 2222
1849 2222
1850 2222
1851 2222
1853 2222
1854 2222
1855 2222
1856 2222
1857 2222
1859 2222
1861 2222
1863 2222
1864 2222
1629 2223
1634 2223
1773 2223
1776 2223
1778 2223
1781 2223
1782 2223
1783 2223
1785 2223
1786 2223
1787 2223
1788 2223
1789 2223
1790 2223
1791 2223
1792 2223
1793 2223
1794 2223
1795 2223
1797 2223
1798 2223
1799 2223
1801 2223
1802 2223
1804 2223
1805 2223
1806 2223
1808 2223
1810 2223
1811 2223
1812 2223
1813 2223
1814 2223
1815 2223
1816 2223
1817 2223
1818 2223
1819 2223
1820 2223
1821 2223
1822 2223
1823 2223
1824 2223
1825 2223
1826 2223
1827 2223
1828 2223
1829 2223
1830 2223
1831 2223
1832 2223
1833 2223
1834 2223
1835 2223
1836 2223
1837 2223
1839 2223
1840 2223
1842 2223
1843 2223
1844 2223
1845 2223
1846 2223
1847 2223
1848 2223
1849 2223
1850 2223
1851 2223
1852 2223
1853 2223
1854 2223
1855 2223
1856 2223
1857 2223
1858 2223
1859 2223
1860 2223
1862 2223
1863 2223
1628 2224
1637 2224
1780 2224
1781 2224
1782 2224
1783 2224
1785 2224
1786 2224
1787 2224
1788 2224
1790 2224
1791 2224
1792 2224
1793 2224
1794 2224
1795 2224
1796 2224
1797 2224
1798 2224
1799 2224
1800 2224
1801 2224
1802 2224
1803 2224
1804 2224
1805 2224
1806 2224
1809 2224
1810 2224
1811 2224
1812 2224
1813 2224
1814 2224
1815 2224
1816 2224
1817 2224
1818 2224
1819 2224
1820 2224
1821 2224
1822 2224
1823 2224
1824 2224
1825 2224
1826 2224
1827 2224
1828 2224
1829 2224
1830 2224
1831 2224
1832 2224
1833 2224
1834 2224
1835 2224
1836 2224
1837 2224
1839 2224
1841 2224
1843 2224
1844 2224
1845 2224
1846 2224
1847 2224
1848 2224
1849 2224
1850 2224
1851 2224
1852 2224
1853 2224
1855 2224
1856 2224
1858 2224
1860 2224
1861 2224
1863 2224
1864 2224
1865 2224
1866 2224
1867 2224
1868 2224
1772 2225
1776 2225
1780 2225
1782 2225
1783 2225
1785 2225
1786 2225
1787 2225
1788 2225
1789 2225
1790 2225
1791 2225
1792 2225
1793 2225
1794 2225
1795 2225
1796 2225
1797 2225
1798 2225
1799 2225
1800 2225
1801 2225
1802 2225
1805 2225
1806 2225
1807 2225
1808 2225
1809 2225
1811 2225
1812 2225
1813 2225
1814 2225
1815 2225
1816 2225
1817 2225
1818 2225
1819 2225
1820 2225
1821 2225
1822 2225
1823 2225
1824 2225
1825 2225
1826 2225
1827 2225
1828 2225
1829 2225
1830 2225
1831 2225
1832 2225
1833 2225
1834 2225
1835 2225
1836 2225
1837 2225
1840 2225
1843 2225
1844 2225
1845 2225
1846 2225
1847 2225
1848 2225
1849 2225
1850 2225
1851 2225
1852 2225
1854 2225
1855 2225
1856 2225
1857 2225
1859 2225
1860 2225
1861 2225
1862 2225
1863 2225
1868 2225
1701 2226
1767 2226
1775 2226
1776 2226
1781 2226
1783 2226
1785 2226
1786 2226
1787 2226
1788 2226
1789 2226
1790 2226
1792 2226
1793 2226
1794 2226
1795 2226
1796 2226
1797 2226
1798 2226
1799 2226
1800 2226
1801 2226
1802 2226
1803 2226
1804 2226
1805 2226
1806 2226
1807 2226
1809 2226
1810 2226
1811 2226
1812 2226
1813 2226
1814 2226
1815 2226
1816 2226
1817 2226
1818 2226
1819 2226
1820 2226
1821 2226
1822 2226
1823 2226
1824 2226
1825 2226
1826 2226
1827 2226
1828 2226
1829 2226
1830 2226
1831 2226
1832 2226
1833 2226
1834 2226
1835 2226
1836 2226
1837 2226
1838 2226
1840 2226
1841 2226
1842 2226
1843 2226
1844 2226
1845 2226
1848 2226
1849 2226
1851 2226
1852 2226
1853 2226
1854 2226
1855 2226
1856 2226
1857 2226
1858 2226
1859 2226
1861 2226
1862 2226
1868 2226
1622 2227
1745 2227
1777 2227
1778 2227
1780 2227
1782 2227
1784 2227
1785 2227
1786 2227
1787 2227
1788 2227
1789 2227
1790 2227
1791 2227
1792 2227
1793 2227
1794 2227
1795 2227
1796 2227
1797 2227
1798 2227
1799 2227
1800 2227
1802 2227
1804 2227
1805 2227
1806 2227
1810 2227
1811 2227
1812 2227
1813 2227
1814 2227
1815 2227
1816 2227
1817 2227
1818 2227
1819 2227
1820 2227
1821 2227
1822 2227
1823 2227
1824 2227
1825 2227
1826 2227
1827 2227
1828 2227
1829 2227
1830 2227
1831 2227
1832 2227
1833 2227
1834 2227
1835 2227
1836 2227
1837 2227
1838 2227
1839 2227
1843 2227
1845 2227
1846 2227
1847 2227
1848 2227
1849 2227
1850 2227
1851 2227
1852 2227
1853 2227
1854 2227
1855 2227
1856 2227
1857 2227
1858 2227
1860 2227
1861 2227
1862 2227
1865 2227
1866 2227
1385 2228
1672 2228
1778 2228
1779 2228
1781 2228
1783 2228
1785 2228
1786 2228
1787 2228
1788 2228
1789 2228
1790 2228
1791 2228
1793 2228
1794 2228
1795 2228
1796 2228
1797 2228
1800 2228
1801 2228
1802 2228
1803 2228
1804 2228
1805 2228
1809 2228
1810 2228
1811 2228
1812 2228
1813 2228
1814 2228
1815 2228
1816 2228
1817 2228
1818 2228
1819 2228
1820 2228
1821 2228
1822 2228
1823 2228
1824 2228
1825 2228
1826 2228
1827 2228
1828 2228
1829 2228
1830 2228
1831 2228
1832 2228
1833 2228
1834 2228
1835 2228
1836 2228
1837 2228
1838 2228
1839 2228
1840 2228
1843 2228
1845 2228
1847 2228
1848 2228
1849 2228
1851 2228
1852 2228
1853 2228
1854 2228
1856 2228
1857 2228
1858 2228
1859 2228
1860 2228
1861 2228
1862 2228
1865 2228
1866 2228
1489 2229
1508 2229
1781 2229
1783 2229
1784 2229
1785 2229
1786 2229
1787 2229
1788 2229
1789 2229
1790 2229
1791 2229
1792 2229
1793 2229
1794 2229
1795 2229
1796 2229
1797 2229
1800 2229
1801 2229
1802 2229
1803 2229
1804 2229
1805 2229
1806 2229
1810 2229
1811 2229
1812 2229
1813 2229
1814 2229
1815 2229
1816 2229
1817 2229
1818 2229
1819 2229
1820 2229
1821 2229
1822 2229
1823 2229
1824 2229
1825 2229
1826 2229
1827 2229
1828 2229
1829 2229
1830 2229
1831 2229
1832 2229
1833 2229
1834 2229
1835 2229
1836 2229
1837 2229
1838 2229
1839 2229
1840 2229
1842 2229
1843 2229
1844 2229
1846 2229
1847 2229
1848 2229
1849 2229
1850 2229
1851 2229
1852 2229
1853 2229
1854 2229
1855 2229
1856 2229
1857 2229
1858 2229
1859 2229
1860 2229
1861 2229
1862 2229
1863 2229
1865 2229
1765 2230
1772 2230
1783 2230
1784 2230
1785 2230
1786 2230
1787 2230
1788 2230
1789 2230
1790 2230
1791 2230
1792 2230
1793 2230
1794 2230
1795 2230
1796 2230
1797 2230
1799 2230
1800 2230
1801 2230
1802 2230
1803 2230
1804 2230
1805 2230
1807 2230
1809 2230
1810 2230
1811 2230
1812 2230
1813 2230
1814 2230
1815 2230
1816 2230
1817 2230
1818 2230
1819 2230
1820 2230
1821 2230
1822 2230
1823 2230
1824 2230
1825 2230
1826 2230
1827 2230
1828 2230
1829 2230
1830 2230
1831 2230
1832 2230
1833 2230
1834 2230
1835 2230
1836 2230
1837 2230
1838 2230
1839 2230
1840 2230
1841 2230
1842 2230
1843 2230
1846 2230
1848 2230
1849 2230
1850 2230
1851 2230
1852 2230
1853 2230
1854 2230
1855 2230
1856 2230
1857 2230
1858 2230
1859 2230
1860 2230
1861 2230
1862 2230
1863 2230
1864 2230
1866 2230
1867 2230
1868 2230
1869 2230
1598 2231
1735 2231
1776 2231
1778 2231
1780 2231
1782 2231
1783 2231
1786 2231
1787 2231
1788 2231
1789 2231
1790 2231
1791 2231
1792 2231
1793 2231
1794 2231
1795 2231
1796 2231
1797 2231
1798 2231
1799 2231
1800 2231
1802 2231
1803 2231
1804 2231
1805 2231
1808 2231
1810 2231
1811 2231
1812 2231
1813 2231
1814 2231
1815 2231
1816 2231
1817 2231
1818 2231
1819 2231
1820 2231
1821 2231
1822 2231
1823 2231
1824 2231
1825 2231
1826 2231
1827 2231
1828 2231
1829 2231
1830 2231
1831 2231
1832 2231
1833 2231
1834 2231
1835 2231
1836 2231
1837 2231
1838 2231
1840 2231
1841 2231
1842 2231
1843 2231
1844 2231
1845 2231
1846 2231
1847 2231
1848 2231
1849 2231
1850 2231
1852 2231
1853 2231
1854 2231
1857 2231
1858 2231
1859 2231
1861 2231
1862 2231
1863 2231
1864 2231
1865 2231
1866 2231
1867 2231
1868 2231
1702 2232
1743 2232
1780 2232
1785 2232
1788 2232
1789 2232
1790 2232
1792 2232
1793 2232
1794 2232
1795 2232
1796 2232
1797 2232
1798 2232
1799 2232
1800 2232
1802 2232
1803 2232
1804 2232
1805 2232
1806 2232
1807 2232
1809 2232
1810 2232
1811 2232
1812 2232
1813 2232
1814 2232
1815 2232
1816 2232
1817 2232
1818 2232
1819 2232
1820 2232
1821 2232
1822 2232
1823 2232
1824 2232
1825 2232
1826 2232
1827 2232
1828 2232
1829 2232
1830 2232
1831 2232
1832 2232
1833 2232
1834 2232
1835 2232
1836 2232
1837 2232
1838 2232
1839 2232
1840 2232
1841 2232
1842 2232
1845 2232
1847 2232
1848 2232
1849 2232
1850 2232
1851 2232
1852 2232
1853 2232
1854 2232
1855 2232
1856 2232
1857 2232
1858 2232
1859 2232
1860 2232
1861 2232
1862 2232
1863 2232
1864 2232
1702 2233
1769 2233
1780 2233
1782 2233
1783 2233
1786 2233
1787 2233
1788 2233
1789 2233
1790 2233
1791 2233
1793 2233
1794 2233
1795 2233
1796 2233
1797 2233
1798 2233
1799 2233
1800 2233
1801 2233
1802 2233
1803 2233
1804 2233
1805 2233
1806 2233
1809 2233
1810 2233
1811 2233
1812 2233
1813 2233
1814 2233
1815 2233
1816 2233
1817 2233
1818 2233
1819 2233
1820 2233
1821 2233
1822 2233
1823 2233
1824 2233
1825 2233
1826 2233
1827 2233
1828 2233
1829 2233
1830 2233
1831 2233
1832 2233
1833 2233
1834 2233
1835 2233
1836 2233
1837 2233
1838 2233
1839 2233
1840 2233
1841 2233
1846 2233
1847 2233
1848 2233
1849 2233
1850 2233
1851 2233
1852 2233
1854 2233
1855 2233
1856 2233
1857 2233
1858 2233
1860 2233
1861 2233
1862 2233
1863 2233
1864 2233
1587 2234
1762 2234
1773 2234
1779 2234
1781 2234
1782 2234
1783 2234
1784 2234
1785 2234
1786 2234
1787 2234
1788 2234
1789 2234
1791 2234
1792 2234
1793 2234
1794 2234
1795 2234
1796 2234
1797 2234
1798 2234
1799 2234
1800 2234
1801 2234
1802 2234
1803 2234
1804 2234
1805 2234
1806 2234
1807 2234
1808 2234
1810 2234
1811 2234
1812 2234
1813 2234
1814 2234
1815 2234
1816 2234
1817 2234
1818 2234
1819 2234
1820 2234
1821 2234
1822 2234
1823 2234
1824 2234
1825 2234
1826 2234
1827 2234
1828 2234
1829 2234
1830 2234
1831 2234
1832 2234
1833 2234
1834 2234
1835 2234
1836 2234
1837 2234
1838 2234
1839 2234
1840 2234
1844 2234
1845 2234
1846 2234
1847 2234
1848 2234
1849 2234
1850 2234
1851 2234
1852 2234
1853 2234
1854 2234
1855 2234
1856 2234
1857 2234
1858 2234
1859 2234
1860 2234
1861 2234
1863 2234
1869 2234
1659 2235
1773 2235
1779 2235
1780 2235
1783 2235
1785 2235
1787 2235
1788 2235
1789 2235
1790 2235
1791 2235
1792 2235
1793 2235
1794 2235
1799 2235
1801 2235
1802 2235
1803 2235
1804 2235
1805 2235
1809 2235
1810 2235
1811 2235
1812 2235
1813 2235
1814 2235
1815 2235
1816 2235
1817 2235
1818 2235
1819 2235
1820 2235
1821 2235
1822 2235
1823 2235
1824 2235
1825 2235
1826 2235
1827 2235
1828 2235
1829 2235
1830 2235
1831 2235
1832 2235
1833 2235
1834 2235
1835 2235
1836 2235
1837 2235
1838 2235
1839 2235
1840 2235
1841 2235
1842 2235
1843 2235
1844 2235
1845 2235
1846 2235
1847 2235
1848 2235
1849 2235
1850 2235
1851 2235
1852 2235
1853 2235
1854 2235
1855 2235
1856 2235
1857 2235
1858 2235
1859 2235
1860 2235
1861 2235
1862 2235
1864 2235
1865 2235
1866 2235
1869 2235
2693 2235
1666 2236
1759 2236
1778 2236
1779 2236
1780 2236
1781 2236
1785 2236
1787 2236
1788 2236
1789 2236
1790 2236
1791 2236
1792 2236
1793 2236
1794 2236
1796 2236
1797 2236
1798 2236
1799 2236
1800 2236
1801 2236
1802 2236
1803 2236
1804 2236
1805 2236
1808 2236
1812 2236
1813 2236
1814 2236
1815 2236
1816 2236
1817 2236
1818 2236
1819 2236
1820 2236
1821 2236
1822 2236
1823 2236
1824 2236
1825 2236
1826 2236
1827 2236
1828 2236
1829 2236
1830 2236
1831 2236
1832 2236
1833 2236
1834 2236
1835 2236
1836 2236
1837 2236
1838 2236
1839 2236
1840 2236
1841 2236
1843 2236
1844 2236
1845 2236
1846 2236
1847 2236
1848 2236
1849 2236
1850 2236
1851 2236
1853 2236
1854 2236
1855 2236
1856 2236
1857 2236
1858 2236
1859 2236
1860 2236
1861 2236
1863 2236
1864 2236
2688 2236
2692 2236
1669 2237
1780 2237
1784 2237
1785 2237
1787 2237
1790 2237
1791 2237
1792 2237
1793 2237
1795 2237
1796 2237
1797 2237
1798 2237
1799 2237
1800 2237
1805 2237
1806 2237
1809 2237
1810 2237
1812 2237
1813 2237
1814 2237
1815 2237
1816 2237
1817 2237
1818 2237
1819 2237
1820 2237
1821 2237
1822 2237
1823 2237
1824 2237
1825 2237
1826 2237
1827 2237
1828 2237
1829 2237
1830 2237
1831 2237
1832 2237
1833 2237
1834 2237
1835 2237
1836 2237
1837 2237
1838 2237
1839 2237
1840 2237
1844 2237
1845 2237
1846 2237
1847 2237
1848 2237
1849 2237
1850 2237
1851 2237
1852 2237
1853 2237
1854 2237
1855 2237
1856 2237
1857 2237
1858 2237
1860 2237
1861 2237
1862 2237
1863 2237
1867 2237
2689 2237
2693 2237
2696 2237
1738 2238
1766 2238
1776 2238
1778 2238
1780 2238
1784 2238
1785 2238
1786 2238
1788 2238
1790 2238
1792 2238
1793 2238
1795 2238
1797 2238
1798 2238
1799 2238
1800 2238
1802 2238
1804 2238
1805 2238
1806 2238
1807 2238
1809 2238
1810 2238
1811 2238
1812 2238
1813 2238
1814 2238
1815 2238
1816 2238
1817 2238
1818 2238
1819 2238
1820 2238
1821 2238
1822 2238
1823 2238
1824 2238
1825 2238
1826 2238
1827 2238
1828 2238
1829 2238
1830 2238
1831 2238
1832 2238
1833 2238
1834 2238
1835 2238
1836 2238
1837 2238
1838 2238
1839 2238
1840 2238
1841 2238
1843 2238
1844 2238
1845 2238
1846 2238
1847 2238
1848 2238
1849 2238
1850 2238
1851 2238
1852 2238
1853 2238
1854 2238
1855 2238
1857 2238
1858 2238
1860 2238
1861 2238
1862 2238
1863 2238
1865 2238
1866 2238
1867 2238
1868 2238
2685 2238
2690 2238
2695 2238
2696 2238
2697 2238
1764 2239
1765 2239
1780 2239
1783 2239
1785 2239
1786 2239
1787 2239
1788 2239
1789 2239
1790 2239
1791 2239
1792 2239
1793 2239
1795 2239
1796 2239
1797 2239
1798 2239
1799 2239
1801 2239
1802 2239
1803 2239
1804 2239
1805 2239
1806 2239
1807 2239
1808 2239
1810 2239
1811 2239
1812 2239
1813 2239
1814 2239
1815 2239
1816 2239
1817 2239
1818 2239
1819 2239
1820 2239
1821 2239
1822 2239
1823 2239
1824 2239
1825 2239
1826 2239
1827 2239
1828 2239
1829 2239
1830 2239
1831 2239
1832 2239
1833 2239
1834 2239
1835 2239
1836 2239
1837 2239
1838 2239
1839 2239
1840 2239
1843 2239
1846 2239
1847 2239
1848 2239
1849 2239
1850 2239
1851 2239
1852 2239
1853 2239
1854 2239
1855 2239
1858 2239
1859 2239
1860 2239
1861 2239
1862 2239
1863 2239
2689 2239
2691 2239
2692 2239
2696 2239
1763 2240
1764 2240
1773 2240
1785 2240
1786 2240
1787 2240
1791 2240
1792 2240
1793 2240
1794 2240
1795 2240
1796 2240
1798 2240
1799 2240
1801 2240
1802 2240
1803 2240
1805 2240
1806 2240
1810 2240
1811 2240
1812 2240
1814 2240
1815 2240
1816 2240
1817 2240
1818 2240
1819 2240
1820 2240
1821 2240
1822 2240
1823 2240
1824 2240
1825 2240
1826 2240
1827 2240
1828 2240
1829 2240
1830 2240
1831 2240
1832 2240
1833 2240
1834 2240
1835 2240
1836 2240
1837 2240
1838 2240
1839 2240
1840 2240
1842 2240
1844 2240
1845 2240
1846 2240
1847 2240
1848 2240
1849 2240
1850 2240
1852 2240
1853 2240
1855 2240
1856 2240
1858 2240
1859 2240
1860 2240
1861 2240
1862 2240
1863 2240
1864 2240
1866 2240
1867 2240
2691 2240
2692 2240
2693 2240
2694 2240
2696 2240
2697 2240
2698 2240
1765 2241
1766 2241
1777 2241
1782 2241
1785 2241
1786 2241
1787 2241
1788 2241
1793 2241
1794 2241
1795 2241
1796 2241
1797 2241
1799 2241
1800 2241
1801 2241
1802 2241
1803 2241
1804 2241
1805 2241
1806 2241
1807 2241
1811 2241
1814 2241
1815 2241
1816 2241
1817 2241
1818 2241
1819 2241
1820 2241
1821 2241
1822 2241
1823 2241
1824 2241
1825 2241
1826 2241
1827 2241
1828 2241
1829 2241
1830 2241
1831 2241
1832 2241
1833 2241
1834 2241
1835 2241
1836 2241
1837 2241
1838 2241
1839 2241
1840 2241
1841 2241
1844 2241
1845 2241
1846 2241
1847 2241
1848 2241
1849 2241
1851 2241
1852 2241
1853 2241
1854 2241
1855 2241
1856 2241
1857 2241
1858 2241
1859 2241
1860 2241
1863 2241
1868 2241
2692 2241
2693 2241
2694 2241
2695 2241
2696 2241
1765 2242
1766 2242
1777 2242
1781 2242
1783 2242
1786 2242
1788 2242
1792 2242
1793 2242
1794 2242
1795 2242
1796 2242
1797 2242
1798 2242
1799 2242
1800 2242
1801 2242
1802 2242
1803 2242
1804 2242
1805 2242
1806 2242
1807 2242
1808 2242
1809 2242
1813 2242
1814 2242
1815 2242
1816 2242
1817 2242
1818 2242
1819 2242
1820 2242
1821 2242
1822 2242
1823 2242
1824 2242
1825 2242
1826 2242
1827 2242
1828 2242
1829 2242
1830 2242
1831 2242
1832 2242
1833 2242
1834 2242
1835 2242
1836 2242
1837 2242
1838 2242
1839 2242
1842 2242
1843 2242
1844 2242
1845 2242
1846 2242
1847 2242
1848 2242
1849 2242
1850 2242
1851 2242
1852 2242
1853 2242
1854 2242
1855 2242
1856 2242
1857 2242
1858 2242
1859 2242
2686 2242
2687 2242
2688 2242
2689 2242
2692 2242
2693 2242
2694 2242
2696 2242
1765 2243
1766 2243
1775 2243
1777 2243
1783 2243
1784 2243
1786 2243
1787 2243
1788 2243
1791 2243
1792 2243
1793 2243
1795 2243
1796 2243
1797 2243
1798 2243
1799 2243
1800 2243
1801 2243
1805 2243
1806 2243
1807 2243
1808 2243
1810 2243
1811 2243
1812 2243
1813 2243
1814 2243
1815 2243
1816 2243
1817 2243
1818 2243
1819 2243
1820 2243
1821 2243
1822 2243
1823 2243
1824 2243
1825 2243
1826 2243
1827 2243
1828 2243
1829 2243
1830 2243
1831 2243
1832 2243
1833 2243
1834 2243
1835 2243
1836 2243
1837 2243
1838 2243
1841 2243
1842 2243
1843 2243
1844 2243
1845 2243
1846 2243
1847 2243
1848 2243
1849 2243
1850 2243
1851 2243
1852 2243
1853 2243
1854 2243
1855 2243
1856 2243
1857 2243
1858 2243
1859 2243
1860 2243
1861 2243
1863 2243
1866 2243
2686 2243
2687 2243
2688 2243
2689 2243
2690 2243
2693 2243
2695 2243
1765 2244
1767 2244
1783 2244
1785 2244
1786 2244
1787 2244
1788 2244
1792 2244
1793 2244
1794 2244
1795 2244
1796 2244
1797 2244
1798 2244
1799 2244
1800 2244
1801 2244
1802 2244
1804 2244
1805 2244
1806 2244
1809 2244
1810 2244
1815 2244
1816 2244
1817 2244
1818 2244
1819 2244
1820 2244
1821 2244
1822 2244
1823 2244
1824 2244
1825 2244
1826 2244
1827 2244
1828 2244
1829 2244
1830 2244
1831 2244
1832 2244
1833 2244
1834 2244
1835 2244
1836 2244
1837 2244
1838 2244
1840 2244
1844 2244
1846 2244
1847 2244
1848 2244
1851 2244
1852 2244
1853 2244
1854 2244
1855 2244
1856 2244
1857 2244
1859 2244
1860 2244
1861 2244
1863 2244
1864 2244
1865 2244
1866 2244
2658 2244
2686 2244
2687 2244
2688 2244
2689 2244
2690 2244
2693 2244
2695 2244
1649 2245
1651 2245
1783 2245
1784 2245
1787 2245
1788 2245
1789 2245
1790 2245
1791 2245
1792 2245
1793 2245
1794 2245
1795 2245
1796 2245
1797 2245
1798 2245
1799 2245
1800 2245
1801 2245
1802 2245
1803 2245
1804 2245
1805 2245
1806 2245
1808 2245
1809 2245
1810 2245
1812 2245
1815 2245
1816 2245
1817 2245
1818 2245
1819 2245
1820 2245
1821 2245
1822 2245
1823 2245
1824 2245
1825 2245
1826 2245
1827 2245
1828 2245
1829 2245
1830 2245
1831 2245
1832 2245
1833 2245
1834 2245
1835 2245
1836 2245
1837 2245
1838 2245
1839 2245
1840 2245
1841 2245
1844 2245
1845 2245
1846 2245
1847 2245
1849 2245
1851 2245
1852 2245
1853 2245
1854 2245
1855 2245
1856 2245
1857 2245
1858 2245
1860 2245
1861 2245
1862 2245
2686 2245
2687 2245
2688 2245
2689 2245
2690 2245
2692 2245
2693 2245
1767 2246
1769 2246
1779 2246
1783 2246
1784 2246
1786 2246
1787 2246
1788 2246
1789 2246
1790 2246
1791 2246
1792 2246
1793 2246
1795 2246
1796 2246
1797 2246
1798 2246
1799 2246
1800 2246
1801 2246
1802 2246
1803 2246
1805 2246
1807 2246
1809 2246
1813 2246
1816 2246
1817 2246
1818 2246
1819 2246
1820 2246
1821 2246
1822 2246
1823 2246
1824 2246
1825 2246
1826 2246
1827 2246
1828 2246
1829 2246
1830 2246
1831 2246
1832 2246
1833 2246
1834 2246
1835 2246
1836 2246
1837 2246
1841 2246
1842 2246
1846 2246
1847 2246
1848 2246
1849 2246
1850 2246
1851 2246
1852 2246
1853 2246
1854 2246
1855 2246
1857 2246
1858 2246
1860 2246
1861 2246
1862 2246
1865 2246
1867 2246
2688 2246
2692 2246
1470 2247
1763 2247
1780 2247
1786 2247
1787 2247
1788 2247
1789 2247
1793 2247
1794 2247
1796 2247
1798 2247
1799 2247
1800 2247
1801 2247
1803 2247
1804 2247
1805 2247
1806 2247
1808 2247
1809 2247
1810 2247
1815 2247
1816 2247
1817 2247
1818 2247
1819 2247
1821 2247
1822 2247
1823 2247
1824 2247
1825 2247
1826 2247
1827 2247
1828 2247
1829 2247
1830 2247
1831 2247
1832 2247
1833 2247
1834 2247
1835 2247
1836 2247
1839 2247
1843 2247
1845 2247
1846 2247
1847 2247
1848 2247
1849 2247
1850 2247
1851 2247
1852 2247
1853 2247
1854 2247
1856 2247
1857 2247
1858 2247
1860 2247
1862 2247
1863 2247
1864 2247
2021 2247
2692 2247
1615 2248
1622 2248
1786 2248
1788 2248
1789 2248
1790 2248
1791 2248
1793 2248
1794 2248
1795 2248
1797 2248
1798 2248
1799 2248
1800 2248
1801 2248
1802 2248
1803 2248
1804 2248
1805 2248
1810 2248
1811 2248
1812 2248
1813 2248
1814 2248
1815 2248
1816 2248
1817 2248
1818 2248
1819 2248
1820 2248
1821 2248
1822 2248
1823 2248
1824 2248
1825 2248
1826 2248
1827 2248
1828 2248
1829 2248
1830 2248
1831 2248
1832 2248
1833 2248
1834 2248
1835 2248
1840 2248
1841 2248
1842 2248
1845 2248
1847 2248
1848 2248
1849 2248
1850 2248
1852 2248
1853 2248
1854 2248
1856 2248
1857 2248
1858 2248
1859 2248
1860 2248
1862 2248
2563 2248
2690 2248
2691 2248
2692 2248
2694 2248
2695 2248
1761 2249
1775 2249
1781 2249
1786 2249
1791 2249
1792 2249
1793 2249
1797 2249
1799 2249
1800 2249
1802 2249
1803 2249
1804 2249
1807 2249
1808 2249
1811 2249
1812 2249
1813 2249
1814 2249
1815 2249
1816 2249
1817 2249
1818 2249
1819 2249
1820 2249
1821 2249
1822 2249
1823 2249
1824 2249
1825 2249
1827 2249
1828 2249
1829 2249
1830 2249
1831 2249
1832 2249
1835 2249
1841 2249
1843 2249
1844 2249
1845 2249
1846 2249
1847 2249
1848 2249
1849 2249
1850 2249
1851 2249
1852 2249
1853 2249
1854 2249
1855 2249
1856 2249
1857 2249
1861 2249
1997 2249
2687 2249
2688 2249
2690 2249
2693 2249
1629 2250
1758 2250
1781 2250
1782 2250
1787 2250
1788 2250
1790 2250
1791 2250
1793 2250
1794 2250
1795 2250
1796 2250
1799 2250
1800 2250
1801 2250
1802 2250
1806 2250
1808 2250
1809 2250
1810 2250
1811 2250
1812 2250
1813 2250
1814 2250
1815 2250
1816 2250
1817 2250
1818 2250
1819 2250
1820 2250
1825 2250
1826 2250
1840 2250
1841 2250
1842 2250
1843 2250
1844 2250
1846 2250
1848 2250
1849 2250
1850 2250
1851 2250
1852 2250
1854 2250
1855 2250
1856 2250
1857 2250
1859 2250
1863 2250
1866 2250
2010 2250
2693 2250
1630 2251
1685 2251
1780 2251
1784 2251
1788 2251
1790 2251
1791 2251
1792 2251
1795 2251
1796 2251
1797 2251
1798 2251
1800 2251
1801 2251
1804 2251
1805 2251
1808 2251
1809 2251
1810 2251
1811 2251
1812 2251
1813 2251
1816 2251
1817 2251
1818 2251
1823 2251
1827 2251
1828 2251
1831 2251
1832 2251
1833 2251
1837 2251
1838 2251
1842 2251
1843 2251
1844 2251
1845 2251
1846 2251
1847 2251
1848 2251
1849 2251
1850 2251
1851 2251
1852 2251
1854 2251
1856 2251
1861 2251
1862 2251
2688 2251
1131 2252
1688 2252
1783 2252
1788 2252
1790 2252
1791 2252
1792 2252
1793 2252
1794 2252
1796 2252
1797 2252
1798 2252
1799 2252
1800 2252
1801 2252
1802 2252
1806 2252
1807 2252
1809 2252
1814 2252
1816 2252
1817 2252
1821 2252
1823 2252
1826 2252
1827 2252
1828 2252
1830 2252
1831 2252
1835 2252
1836 2252
1837 2252
1842 2252
1843 2252
1844 2252
1845 2252
1846 2252
1849 2252
1850 2252
1851 2252
1852 2252
1853 2252
1855 2252
1856 2252
1862 2252
1863 2252
1864 2252
2147 2252
1633 2253
1792 2253
1793 2253
1794 2253
1795 2253
1796 2253
1798 2253
1799 2253
1800 2253
1802 2253
1807 2253
1810 2253
1811 2253
1812 2253
1813 2253
1814 2253
1817 2253
1819 2253
1820 2253
1823 2253
1825 2253
1826 2253
1827 2253
1830 2253
1831 2253
1832 2253
1835 2253
1836 2253
1837 2253
1839 2253
1840 2253
1841 2253
1842 2253
1843 2253
1844 2253
1845 2253
1847 2253
1848 2253
1849 2253
1850 2253
1851 2253
1852 2253
1853 2253
1854 2253
1858 2253
1135 2254
1136 2254
1680 2254
1762 2254
1787 2254
1792 2254
1793 2254
1794 2254
1795 2254
1796 2254
1797 2254
1799 2254
1803 2254
1806 2254
1807 2254
1808 2254
1809 2254
1811 2254
1812 2254
1813 2254
1814 2254
1815 2254
1816 2254
1817 2254
1818 2254
1819 2254
1821 2254
1823 2254
1824 2254
1826 2254
1828 2254
1829 2254
1833 2254
1835 2254
1836 2254
1837 2254
1838 2254
1841 2254
1844 2254
1845 2254
1846 2254
1847 2254
1848 2254
1849 2254
1850 2254
1851 2254
1852 2254
1853 2254
1854 2254
1858 2254
1859 2254
1860 2254
1861 2254
1133 2255
1134 2255
1135 2255
1136 2255
1137 2255
1138 2255
1762 2255
1790 2255
1793 2255
1794 2255
1795 2255
1796 2255
1801 2255
1804 2255
1806 2255
1807 2255
1808 2255
1809 2255
1810 2255
1811 2255
1812 2255
1813 2255
1814 2255
1815 2255
1816 2255
1818 2255
1819 2255
1820 2255
1827 2255
1830 2255
1835 2255
1842 2255
1843 2255
1844 2255
1845 2255
1847 2255
1848 2255
1850 2255
1851 2255
1852 2255
1854 2255
1859 2255
1860 2255
1865 2255
1866 2255
2282 2255
101 2256
574 2256
1132 2256
1134 2256
1135 2256
1136 2256
1137 2256
1138 2256
1139 2256
1140 2256
1141 2256
1632 2256
1783 2256
1789 2256
1790 2256
1791 2256
1792 2256
1793 2256
1794 2256
1800 2256
1801 2256
1802 2256
1805 2256
1807 2256
1809 2256
1810 2256
1811 2256
1812 2256
1813 2256
1814 2256
1815 2256
1816 2256
1819 2256
1820 2256
1821 2256
1823 2256
1824 2256
1825 2256
1827 2256
1829 2256
1830 2256
1831 2256
1832 2256
1833 2256
1834 2256
1835 2256
1837 2256
1842 2256
1843 2256
1844 2256
1846 2256
1847 2256
1849 2256
1850 2256
1854 2256
1855 2256
1856 2256
1857 2256
1861 2256
343 2257
344 2257
1133 2257
1134 2257
1135 2257
1136 2257
1137 2257
1138 2257
1139 2257
1140 2257
1141 2257
1771 2257
1773 2257
1785 2257
1788 2257
1791 2257
1794 2257
1795 2257
1796 2257
1797 2257
1798 2257
1799 2257
1800 2257
1801 2257
1802 2257
1803 2257
1804 2257
1805 2257
1808 2257
1809 2257
1810 2257
1811 2257
1812 2257
1813 2257
1814 2257
1815 2257
1816 2257
1817 2257
1818 2257
1819 2257
1820 2257
1821 2257
1822 2257
1825 2257
1827 2257
1828 2257
1829 2257
1830 2257
1831 2257
1832 2257
1833 2257
1835 2257
1836 2257
1837 2257
1838 2257
1839 2257
1841 2257
1842 2257
1843 2257
1844 2257
1845 2257
1846 2257
1847 2257
1848 2257
1849 2257
1850 2257
1856 2257
1857 2257
194 2258
344 2258
348 2258
1133 2258
1134 2258
1135 2258
1136 2258
1137 2258
1138 2258
1139 2258
1140 2258
1141 2258
1697 2258
1771 2258
1778 2258
1783 2258
1786 2258
1788 2258
1789 2258
1790 2258
1791 2258
1793 2258
1795 2258
1798 2258
1799 2258
1800 2258
1801 2258
1802 2258
1803 2258
1804 2258
1805 2258
1806 2258
1809 2258
1810 2258
1812 2258
1814 2258
1815 2258
1816 2258
1817 2258
1820 2258
1821 2258
1822 2258
1823 2258
1824 2258
1825 2258
1826 2258
1827 2258
1828 2258
1829 2258
1830 2258
1831 2258
1832 2258
1833 2258
1834 2258
1835 2258
1836 2258
1837 2258
1838 2258
1839 2258
1840 2258
1841 2258
1842 2258
1843 2258
1844 2258
1845 2258
1848 2258
1849 2258
1851 2258
1853 2258
1854 2258
1856 2258
1857 2258
1858 2258
1859 2258
1861 2258
273 2259
337 2259
344 2259
345 2259
1132 2259
1133 2259
1134 2259
1135 2259
1136 2259
1137 2259
1138 2259
1139 2259
1140 2259
1386 2259
1401 2259
1780 2259
1792 2259
1793 2259
1794 2259
1796 2259
1797 2259
1798 2259
1799 2259
1800 2259
1801 2259
1802 2259
1803 2259
1804 2259
1805 2259
1806 2259
1807 2259
1808 2259
1809 2259
1810 2259
1811 2259
1812 2259
1815 2259
1816 2259
1818 2259
1819 2259
1820 2259
1821 2259
1823 2259
1824 2259
1825 2259
1826 2259
1828 2259
1829 2259
1830 2259
1831 2259
1833 2259
1834 2259
1836 2259
1837 2259
1838 2259
1839 2259
1841 2259
1842 2259
1843 2259
1844 2259
1845 2259
1849 2259
1850 2259
1852 2259
1853 2259
1854 2259
1855 2259
1856 2259
1858 2259
1873 2259
335 2260
337 2260
338 2260
345 2260
346 2260
350 2260
1133 2260
1134 2260
1135 2260
1136 2260
1137 2260
1138 2260
1139 2260
1140 2260
1466 2260
1589 2260
1788 2260
1789 2260
1793 2260
1794 2260
1796 2260
1799 2260
1801 2260
1802 2260
1803 2260
1804 2260
1805 2260
1806 2260
1807 2260
1808 2260
1810 2260
1811 2260
1812 2260
1813 2260
1814 2260
1815 2260
1818 2260
1819 2260
1820 2260
1821 2260
1822 2260
1823 2260
1824 2260
1825 2260
1826 2260
1827 2260
1828 2260
1829 2260
1830 2260
1831 2260
1832 2260
1834 2260
1835 2260
1836 2260
1837 2260
1838 2260
1839 2260
1842 2260
1843 2260
1846 2260
1847 2260
1848 2260
1849 2260
1850 2260
1851 2260
344 2261
1132 2261
1134 2261
1135 2261
1136 2261
1137 2261
1138 2261
1139 2261
1140 2261
1784 2261
1785 2261
1786 2261
1787 2261
1788 2261
1789 2261
1790 2261
1791 2261
1794 2261
1796 2261
1798 2261
1799 2261
1800 2261
1801 2261
1802 2261
1803 2261
1804 2261
1805 2261
1806 2261
1807 2261
1808 2261
1812 2261
1813 2261
1814 2261
1816 2261
1817 2261
1818 2261
1819 2261
1820 2261
1822 2261
1823 2261
1824 2261
1825 2261
1826 2261
1827 2261
1828 2261
1829 2261
1831 2261
1832 2261
1833 2261
1835 2261
1836 2261
1837 2261
1839 2261
1840 2261
1841 2261
1842 2261
1843 2261
1844 2261
1847 2261
1852 2261
1853 2261
1856 2261
344 2262
345 2262
352 2262
1132 2262
1134 2262
1135 2262
1136 2262
1137 2262
1138 2262
1139 2262
1784 2262
1786 2262
1787 2262
1788 2262
1795 2262
1796 2262
1798 2262
1799 2262
1801 2262
1802 2262
1803 2262
1804 2262
1805 2262
1806 2262
1807 2262
1808 2262
1809 2262
1810 2262
1811 2262
1812 2262
1813 2262
1815 2262
1816 2262
1817 2262
1818 2262
1819 2262
1820 2262
1821 2262
1822 2262
1823 2262
1825 2262
1826 2262
1827 2262
1828 2262
1829 2262
1831 2262
1832 2262
1833 2262
1835 2262
1836 2262
1837 2262
1838 2262
1839 2262
1840 2262
1842 2262
1843 2262
1844 2262
1846 2262
1847 2262
1848 2262
1851 2262
1855 2262
1857 2262
343 2263
344 2263
352 2263
1133 2263
1136 2263
1137 2263
1138 2263
1141 2263
1775 2263
1780 2263
1784 2263
1786 2263
1790 2263
1796 2263
1798 2263
1799 2263
1801 2263
1802 2263
1803 2263
1804 2263
1805 2263
1806 2263
1807 2263
1808 2263
1809 2263
1810 2263
1811 2263
1812 2263
1813 2263
1814 2263
1815 2263
1819 2263
1821 2263
1822 2263
1823 2263
1825 2263
1826 2263
1827 2263
1828 2263
1829 2263
1830 2263
1831 2263
1832 2263
1835 2263
1836 2263
1837 2263
1839 2263
1840 2263
1841 2263
1843 2263
1844 2263
1846 2263
1847 2263
1848 2263
1850 2263
1852 2263
1853 2263
1854 2263
1855 2263
334 2264
342 2264
343 2264
344 2264
353 2264
1542 2264
1775 2264
1777 2264
1779 2264
1781 2264
1784 2264
1788 2264
1794 2264
1796 2264
1797 2264
1800 2264
1802 2264
1803 2264
1804 2264
1805 2264
1808 2264
1809 2264
1810 2264
1811 2264
1812 2264
1813 2264
1815 2264
1816 2264
1817 2264
1818 2264
1819 2264
1820 2264
1821 2264
1822 2264
1823 2264
1825 2264
1826 2264
1827 2264
1829 2264
1833 2264
1834 2264
1836 2264
1838 2264
1839 2264
1840 2264
1841 2264
1843 2264
1846 2264
1848 2264
1851 2264
1852 2264
1853 2264
338 2265
339 2265
341 2265
342 2265
345 2265
352 2265
353 2265
1774 2265
1784 2265
1787 2265
1796 2265
1797 2265
1799 2265
1801 2265
1802 2265
1803 2265
1804 2265
1806 2265
1807 2265
1808 2265
1809 2265
1810 2265
1812 2265
1813 2265
1817 2265
1818 2265
1819 2265
1820 2265
1821 2265
1822 2265
1825 2265
1826 2265
1827 2265
1829 2265
1830 2265
1831 2265
1833 2265
1834 2265
1835 2265
1836 2265
1838 2265
1840 2265
1842 2265
1846 2265
1847 2265
1851 2265
1852 2265
336 2266
337 2266
338 2266
340 2266
341 2266
342 2266
343 2266
353 2266
1776 2266
1779 2266
1791 2266
1793 2266
1794 2266
1796 2266
1797 2266
1799 2266
1800 2266
1801 2266
1803 2266
1804 2266
1806 2266
1808 2266
1810 2266
1811 2266
1812 2266
1813 2266
1814 2266
1815 2266
1816 2266
1819 2266
1820 2266
1821 2266
1822 2266
1823 2266
1824 2266
1826 2266
1827 2266
1829 2266
1831 2266
1832 2266
1833 2266
1834 2266
1835 2266
1836 2266
1837 2266
1838 2266
1839 2266
1841 2266
1842 2266
1844 2266
1848 2266
1849 2266
333 2267
334 2267
335 2267
337 2267
340 2267
341 2267
342 2267
345 2267
1768 2267
1769 2267
1788 2267
1795 2267
1801 2267
1805 2267
1807 2267
1808 2267
1809 2267
1810 2267
1811 2267
1812 2267
1814 2267
1815 2267
1816 2267
1817 2267
1818 2267
1820 2267
1821 2267
1823 2267
1825 2267
1826 2267
1827 2267
1830 2267
1831 2267
1832 2267
1833 2267
1834 2267
1835 2267
1837 2267
1838 2267
1840 2267
1841 2267
1846 2267
1847 2267
2664 2267
2690 2267
333 2268
335 2268
336 2268
337 2268
339 2268
340 2268
341 2268
342 2268
344 2268
345 2268
1769 2268
1801 2268
1803 2268
1805 2268
1807 2268
1810 2268
1811 2268
1812 2268
1813 2268
1817 2268
1819 2268
1820 2268
1822 2268
1823 2268
1825 2268
1826 2268
1827 2268
1828 2268
1830 2268
1832 2268
1833 2268
1835 2268
1836 2268
1837 2268
1839 2268
1840 2268
1843 2268
1845 2268
1846 2268
329 2269
331 2269
338 2269
339 2269
340 2269
341 2269
343 2269
344 2269
345 2269
348 2269
352 2269
1761 2269
1763 2269
1791 2269
1794 2269
1801 2269
1805 2269
1806 2269
1807 2269
1809 2269
1812 2269
1817 2269
1818 2269
1819 2269
1820 2269
1824 2269
1827 2269
1828 2269
1830 2269
1831 2269
1833 2269
1834 2269
1835 2269
1836 2269
1837 2269
1838 2269
1839 2269
1840 2269
1842 2269
1843 2269
1844 2269
1846 2269
1848 2269
331 2270
338 2270
339 2270
340 2270
342 2270
343 2270
344 2270
345 2270
357 2270
1786 2270
1787 2270
1789 2270
1794 2270
1800 2270
1803 2270
1815 2270
1816 2270
1817 2270
1818 2270
1819 2270
1825 2270
1828 2270
1829 2270
1830 2270
1831 2270
1832 2270
1833 2270
1837 2270
1838 2270
1839 2270
1843 2270
1846 2270
334 2271
341 2271
342 2271
344 2271
345 2271
346 2271
1786 2271
1788 2271
1798 2271
1801 2271
1803 2271
1805 2271
1807 2271
1808 2271
1809 2271
1813 2271
1814 2271
1816 2271
1817 2271
1818 2271
1819 2271
1821 2271
1822 2271
1823 2271
1824 2271
1825 2271
1826 2271
1828 2271
1829 2271
1830 2271
1831 2271
1832 2271
1833 2271
1834 2271
1837 2271
1841 2271
1843 2271
1844 2271
167 2272
341 2272
342 2272
343 2272
344 2272
346 2272
1786 2272
1789 2272
1800 2272
1801 2272
1803 2272
1806 2272
1807 2272
1808 2272
1811 2272
1813 2272
1814 2272
1815 2272
1816 2272
1817 2272
1822 2272
1826 2272
1828 2272
1829 2272
1830 2272
1831 2272
1833 2272
1835 2272
1837 2272
1841 2272
1842 2272
2327 2272
321 2273
331 2273
341 2273
342 2273
343 2273
344 2273
1638 2273
1739 2273
1804 2273
1813 2273
1814 2273
1815 2273
1820 2273
1826 2273
1827 2273
1829 2273
1830 2273
1831 2273
1833 2273
1835 2273
1837 2273
1838 2273
1839 2273
1841 2273
328 2274
340 2274
341 2274
342 2274
343 2274
346 2274
1567 2274
1798 2274
1814 2274
1816 2274
1819 2274
1821 2274
1823 2274
1824 2274
1827 2274
1838 2274
1839 2274
340 2275
341 2275
342 2275
1568 2275
1789 2275
1808 2275
1811 2275
1814 2275
1816 2275
1817 2275
1826 2275
1827 2275
1833 2275
1841 2275
330 2276
340 2276
341 2276
342 2276
343 2276
1656 2276
1786 2276
1810 2276
1812 2276
1813 2276
1814 2276
1816 2276
1823 2276
1827 2276
1832 2276
1833 2276
339 2277
340 2277
341 2277
1552 2277
1617 2277
1802 2277
1808 2277
1817 2277
330 2278
338 2278
339 2278
341 2278
1799 2278
1815 2278
2453 2278
265 2279
340 2279
1431 2279
1812 2279
1730 2280
1799 2280
1808 2280
1818 2280
1782 2281
1577 2282
1780 2283
1629 2505
1815 2506
1742 2507
1815 2508
1531 2509
1811 2509
1550 2510
1680 2512
1813 2512
1680 2513
1738 2513
1809 2513
1811 2513
1814 2513
1647 2514
1778 2514
1811 2514
1813 2514
1815 2514
1812 2516
1676 2517
1811 2517
1499 2518
1812 2518
1699 2519
1760 2519
1799 2519
1803 2519
1806 2519
1810 2519
1812 2519
1814 2519
1761 2520
1805 2520
1806 2520
1814 2520
1660 2521
1719 2521
1634 2522
1799 2522
1809 2522
1568 2523
1678 2523
1802 2523
1704 2524
1790 2524
1801 2524
1804 2524
1810 2524
1813 2524
1802 2525
1803 2525
1805 2525
1645 2526
1658 2526
1804 2526
1535 2527
1680 2528
1782 2528
1805 2528
1809 2528
1510 2529
1806 2529
1808 2529
1803 2530
1755 2531
1783 2532
1614 2533
1689 2534
1707 2534
1536 2535
1609 2536
1806 2536
1643 2537
1805 2537
