4307 60381
4308 60381
4309 60381
4310 60381
4311 60381
4336 60381
4337 60381
4338 60381
4339 60381
4340 60381
4351 60381
4352 60381
4353 60381
4354 60381
4355 60381
4385 60381
4386 60381
4387 60381
4388 60381
4389 60381
4409 60381
4410 60381
4411 60381
4412 60381
4413 60381
4436 60381
5476 61677 
5496 61677
5517 61677 
5518 61677 
5519 61677
5522 61677 
5546 61677 
5547 61677 
5548 61677 
5551 61677
5552 61677 
5554 61677
5556 61677 
5581 61677 
5583 61677
5584 61677 
5599 61677 
5603 61677 
5604 61677 
5605 61677 
5619 61677
5620 61677
5621 61677
5622 61677
5623 61677
5641 61677 
5642 61677 
5643 61677
5644 61677
5645 61677
5664 61677
5666 61677 
5670 61677 
5685 61677 
5686 61677 
5687 61677 
5688 61677
5691 61677 
5706 61677 
5708 61677 
5711 61677
5736 61677 
5739 61677
5756 61677 
5758 61677
5759 61677
5779 61677 
5780 61677 
5781 61677 
5782 61677 
5801 61677 
5802 61677 
5803 61677
5804 61677
5828 61677 
5829 61677 
5830 61677
5831 61677 
5836 61677 
5861 61677
5864 61677 
5877 61677
5878 61677
5893 61677 
5898 61677 
5899 61677
5913 61677 
5930 61677 
5933 61677 
5934 61677 
5951 61677 
5952 61677 
5954 61677 
5955 61677 
5956 61677 
5957 61677 
5958 61677 
5983 61677 
5985 61677 
6011 61677 
6094 61677 
7234 58374 
7235 58571 
7236 58571 
7263 58571 
7265 58571 
7266 58374 
7294 58571 
7295 58571 
7296 58374 
7315 58374 
7317 58571 
7318 58571 
7339 58374 
7342 58374 
7343 58571
7344 58571 
7345 58374 
7346 58374 
7347 58374 
7348 58374 
7349 58374 
7369 58571 
7370 58571 
7371 58571 
7373 58571 
7398 58571 
7399 58571 
7400 58571 
7402 58571 
7403 58374
7404 58571 
7405 58571 
7429 58571 
7435 58374 
7436 58374 
7437 58571 
7438 58374 
7460 58571 
7461 58571 
7462 58571 
7463 58374 
7469 58571 
7470 58571
7471 58374 
7473 58571
7474 58374 
7476 58374 
7494 58374 
7496 58571 
7500 58571
7502 58571
7503 58571
7504 58571
7505 58571 
7506 58571 
7507 58571 
7508 58571 
7532 58374 
7533 58374 
7534 58571 
7538 58571
7540 58571 
7541 58571 
7542 58571
7543 58571
7545 58571
7566 58374 
7571 58571
7572 58571
7573 58571 58374 
7574 58571
7575 58571
7578 58571 
7593 58571 
7598 58571
7602 58571
7603 58571
7604 58571 
7606 58511 
7625 58571 
7626 58571
7628 58571 
7630 58571
7631 58571
7632 58571
7633 58571
7634 58571
7635 58571 
7648 58571 
7649 58374 
7653 58571
7654 58571 
7655 58571 
7656 58571
7657 58571
7659 58511 
7679 58571 
7683 58571
7685 58571
7687 58571
7688 58571
7690 58571
7709 58571
7710 58571 
7711 58571
7713 58571 
7715 58571 
7716 58571
7739 58571 
7740 58511 
7741 58571
7742 58571
7746 58571
7748 58571
7767 58511 
7768 58571 
7769 58511 
7770 58571
7771 58571
7772 58571
7773 58571
7775 58571
7776 58571
7777 58511 
7778 58571
7779 58511 
7795 58571 
7797 58511 
7798 58571
7799 58571
7800 58571 
7801 58571 
7802 58571 
7803 58571 
7804 58511 
7805 58511 
7816 58571 
7818 58571
7819 58571 
7820 58571 
7821 58511
7822 58571 
7823 58511 
7837 58511 
7839 58571 
7840 58571 
7841 58511 
7842 58571 
7843 58571 
7844 58571 
7845 58511 
7868 58571 
7869 58511 
7870 58571 
7871 58571 
7886 58511 
7888 58571 
7889 58511 
7890 58511 
7914 58511 
7915 58571 
7916 58511 
7917 58511 
7919 58511 
7920 58511 
7939 58511 
7940 58511 
7941 58511 
7955 58511 
10004 61799
10005 61799
10026 61799
10027 61799
10028 61799
10029 61799
10030 61799
10057 61799
10058 61799
10059 61799
10060 61799
10061 61799
10088 61799
10089 61799
10090 61799
10091 61799
10092 61799
10118 61799
10119 61799
10120 61799
10121 61799
10145 61799
10146 61799
10147 61799
10148 61799
10843 9061
10869 9061
10870 9061
10871 9061
10900 9061
10901 9061
10902 9061
10903 9061
10904 9061
10930 9061
10931 9061
10932 9061
10933 9061
10934 9061
10966 9061
10967 9061
10968 9061
10969 9061
10970 9061
11006 9061
11007 9061
11008 9061
11009 9061
11036 9061
11037 9061
11038 9061
11071 9061
11072 9061
11106 9061
11107 9061
18188 373 
18214 373 
18215 373 
18236 373 
18239 373 
18291 373 
18292 373 
18295 373 
18297 373 
18329 373 
18330 373 
18332 373 
18334 373 
18335 373 
18365 373 
18366 373 
18369 373
18370 373 
18371 373 
18406 373 
18411 373 
18412 373 
18413 373 
18414 373 
18455 373 
18456 373 
18457 373 
18458 373 
18484 373 
18487 373 
18488 373
18489 373 
18490 373
18491 373 
18493 373 
18518 373 
18520 373 
18523 373 
18524 373 
18526 373 
18527 373 
18528 373 
18556 373 
18563 373
18568 373 
18569 373 
18622 501
18623 501
18633 373 
18635 373
18636 373 
18637 373 
18638 373 
18662 501
18663 501
18664 501
18665 501
18694 501
18695 501
18696 501
18697 501
18698 501
18699 501
18707 373 
18708 373
18740 501
18741 501
18742 501
18743 501
18744 501
18745 501
18749 373 
18750 373 
18752 373 
18754 373 
18755 373 
18756 373 
18790 501
18791 501
18792 501
18793 501
18794 501
18795 501
18796 501
18799 373 
18801 373 
18803 373 
18804 373 
18805 373 
18806 373 
18807 373 
18833 501
18834 501
18835 501
18836 501
18837 501
18838 501
18839 501
18845 373 
18847 373 
18866 501
18867 501
18868 501
18869 501
18870 501
18871 501
18872 501
18873 501
18885 373 
18905 501
18906 501
18907 501
18908 501
18909 501
18910 501
18911 501
18912 501
18913 501
18914 501 
18915 501
18923 373 
18941 501
18942 501
18943 501
18944 501
18945 501
18946 501
18947 501
18948 501
18951 501
18953 501
18971 501
18972 501
18973 501
18974 501
18975 501
18976 501
18977 501
18978 501
18979 501
18980 501
19015 501
19016 501
19017 501
19018 501
19019 501
19020 501
19021 501
19022 501
19023 501
19024 501
19025 501
19026 501
19027 501
19078 501
19079 501
19080 501
19081 501
19082 501
19083 501
19084 501
19085 501
19086 501
19087 501
19088 501
19089 501
19090 501
19091 501
19092 501
19093 501
19094 501
19095 501
19096 501
19097 501
19099 501 
19101 501 
19136 501
19137 501
19138 501
19139 501
19140 501
19141 501
19142 501
19143 501
19144 501
19145 501
19146 501
19147 501
19148 501
19149 501
19150 501
19151 501
19152 501
19153 501
19154 501
19155 501
19157 501 
19197 501
19198 501
19199 501
19200 501
19201 501
19202 501
19203 501
19204 501
19205 501
19206 501
19207 501
19208 501
19209 501
19258 501
19259 501
19260 501
19261 501
19262 501
19263 501
19264 501
19265 501
19266 501
19267 501
19301 501
19302 501
19303 501
19304 501
19305 501
19306 501
19307 501
19308 501
19309 501
19310 501
19311 501
19312 501
19340 501
19341 501
19342 501
19343 501
19344 501
19345 501
19346 501
19347 501
19348 501
19349 501
19350 501
19351 501
19392 501
19393 501
19394 501
19395 501
19396 501
19397 501
19398 501
19399 501
19400 501
19401 501
19402 501
19445 501
19446 501
19447 501
19448 501
19449 501
19450 501
19451 501 
19452 501
19495 501
19496 501
19497 501
19498 501
19499 501
19500 501
19501 501
19502 501
19548 501
19549 501
19550 501
19551 501
19552 501
19553 501
19554 501
19555 501
19556 501
19597 501
19598 501
19599 501
19600 501
19601 501
19602 501
19603 501
19604 501
19605 501
19606 501
19639 501
19640 501
19641 501
19642 501
19643 501
19644 501
19645 501
19646 501
19647 501
19648 501 
19686 501
19687 501
19688 501
19689 501
19690 501
19691 501
19692 501
19693 501
19694 501
19695 501
19731 501
19732 501
19733 501
19734 501
19735 501
19736 501
19737 501
19738 501
19769 501
19770 501
19771 501
19772 501
19773 501
19774 501
19775 501
19805 501
19806 501
19807 501
19808 501
19809 501
19810 501
19811 501
19812 501
19813 501
19845 501
19846 501
19847 501
19848 501
19849 501
19850 501
19851 501
19853 501
19854 501
19879 501
19880 501
19881 501
19915 501
20011 501
24239 39020
24257 39020
24258 39020
24259 39020
24260 39020
24261 39020
24286 39020
24287 39020
24288 39020
24289 39020
24290 39020
24291 39020
24292 39020
24321 39020
24322 39020
24323 39020
24324 39020
24325 39020
24326 39020
24327 39020
24349 39020
24350 39020
24351 39020
24352 39020
24353 39020
24354 39020
24355 39020
24389 39020
24390 39020
24391 39020
24392 39020
24393 39020
24394 39020
24395 39020
24423 39020
24424 39020
24425 39020
24426 39020
24427 39020
25145 3205 
25146 3205 
25148 3205 
25262 3205 
25263 3205 
25264 3205 
25348 3205 
25357 3205 
25398 3205 
25402 3205
25403 3205 
25404 3205 
25440 3205 
25442 3205 
25443 3205 
25445 3205
25447 3205 
25479 3205 
25482 3205
25484 3205 
25518 3205 
25519 3205 
25520 3205
25523 3205 
25524 3205 
25525 3205 
25526 3205 
25565 3205 
25566 3205
25567 3205
25571 3205 
25572 3205 
25604 3205 
25605 3205 
25606 3205 
25610 3205 
25611 3205
25612 3205 
25615 3205 
25616 3205 
25651 3205 
25652 3205
25653 3205 
25690 3205 
25691 3205 
25692 3205
25693 3205 
25725 3205 
25727 3205 
25728 3205
25730 3205 
25768 3205 
25769 3205 
25771 3205 
25807 3205 
25811 3205 
25837 3205 
25839 3205 
25841 3205
25860 3205 
25862 3205 
25883 3205 
25884 3205
25885 3205 
25904 3205 
25928 3070 3205 
25929 3205 
25930 3070 3205 
25931 3070 3205 
25932 3205 
25957 3205 
25959 3205 
25980 3070 
25981 3070 3205 
25982 3070 3205 
26017 3205 
26052 3070 
26053 3205 
26055 3205 
26057 3070 3205 
26059 3205 
26095 3070 
26120 3070 
26123 3070 
26124 3070 3205 
26125 3070 3205 
26165 3070 
26206 3070
26246 3070 
26247 3070 
26255 3379
26256 3379
26257 3379
26258 3379
26259 3379
26295 3070 
26299 3379
26302 3379
26303 3379
26304 3379
26305 3379
26306 3379
26307 3379
26308 3379
26332 3070 
26336 3070 
26338 3379
26339 3379
26340 3379
26341 3379
26342 3379
26343 3379
26344 3379
26345 3379
26346 3379
26347 3379
26379 3379
26380 3379
26381 3379
26382 3379
26383 3379
26384 3379
26385 3379
26386 3379
26387 3379
26388 3379
26389 3379
26419 3070 
26422 3379
26423 3379
26424 3379
26425 3379
26426 3379
26427 3379
26428 3379
26429 3379
26430 3379
26431 3379
26432 3379
26433 3379
26455 3070 
26457 3070 
26458 3070 
26461 3379
26462 3379
26463 3379
26464 3379
26465 3379
26466 3379
26467 3379
26468 3379
26469 3379
26470 3379
26471 3379
26472 3379
26473 3379
26499 3070 
26501 3379
26502 3379
26503 3379
26504 3379
26505 3379
26506 3379
26507 3379
26508 3379
26509 3379
26510 3379
26511 3379
26512 3379
26513 3379
26536 3379
26537 3379
26538 3379
26539 3379
26540 3379
26541 3379
26542 3379
26543 3379
26544 3379
26545 3379
26546 3379
26547 3379
26548 3379
26582 3070 
26585 3379
26586 3379
26587 3379
26588 3379
26589 3379
26590 3379
26591 3379
26592 3379
26593 3379
26594 3379
26626 3379
26627 3379
26628 3379
26629 3379
26630 3379
26631 3379
26632 3379
26634 3379
26700 3399 
26701 3399 
26702 3399 
26703 3399 
26737 3399 
26808 3399 
26810 3399 
26834 3399 
26835 3399 
26836 3399 
26884 3399 
26885 3399 
26917 3399 
26946 3399
26974 3399 
26975 3399 
27002 3399 
27003 3399 
27005 3399
27024 3399 
27026 3399 
27056 3399 
27076 3399 
27077 3399 
27103 3399 
27106 3399 
27126 3399
27127 3399 
27141 3399
27142 3399 
27143 3399 
27144 3399 
27146 3399 
27180 3399
27181 3399
27182 3399 
27198 3399 
27200 3399 
27201 3399 
27204 3399 
27205 3399 
27236 3399 
27237 3399 
27244 3399 
27319 3399 
27357 3399 
27404 3399 
27405 3399 
27406 3399 
28075 32212 
28114 32212 
28143 32212 
28147 32212 
28148 32212 
28151 32212 
28154 32212 
28211 32212 
28217 32212 
28218 32212 
28219 32212 
28220 32212 
28223 32212 
28253 32212
28254 32212 
28334 32212 
28371 32212 
28415 32212 
28449 32212 
28503 32212 
28504 32212 
28506 32212 
28577 32212 
28580 32212 
28607 32212 
32834 58798 
32851 58798 
32872 58798 
32902 58798 
32905 58798 
32930 58798 
32931 58798 
32932 58798 
32934 58798 
32960 58798 
32961 58798 
32966 58798 
32967 58798 
32990 58798 
32992 58798
32993 58798 
33001 58798 
33056 58798 
33060 58798 
33097 58798 
33099 58798 
33109 58798 
33152 58798 
33153 58798 
33202 58798 
33297 59057
33298 59057
33299 59057
33351 59057
33352 59057
33353 59057
33354 59057
33355 59057
33357 59057
33358 59057
33365 59057 
33371 61887 
33404 59057
33406 59057
33407 59057
33408 59057
33409 59057
33410 59057
33411 59057
33412 59057
33413 59057
33414 59057
33415 59057
33428 61887 
33453 59057
33454 59057
33455 59057
33456 59057
33457 59057
33458 59057
33459 59057
33460 59057
33461 59057
33462 59057
33463 59057
33464 59057
33465 59057
33466 59057
33475 61887 
33476 61887 
33504 59057
33505 59057
33506 59057
33507 59057
33508 59057
33509 59057
33510 59057
33511 59057
33512 59057
33513 59057
33514 59057
33515 59057
33516 59057
33550 59057
33551 59057
33552 59057
33553 59057
33554 59057
33555 59057
33556 59057
33557 59057
33558 59057
33559 59057
33560 59057
33561 59057
33572 61887 
33601 59057
33602 59057
33603 59057
33604 59057
33605 59057
33606 59057
33607 59057
33608 59057
33609 59057
33610 59057
33611 59057
33612 59057
33624 61887 
33645 59057
33646 59057
33647 59057
33648 59057
33649 59057
33650 59057
33651 59057
33652 59057
33653 59057
33654 59057
33655 59057
33664 61887 
33665 61887
33667 61887 
33668 61887 
33699 59057
33700 59057
33701 59057
33702 59057
33703 59057
33704 59057
33705 59057
33706 59057
33707 59057
33708 59057
33717 61887
33718 61887 
33720 61887 
33721 61887 
33752 59057
33753 59057
33754 59057
33755 59057
33756 59057
33757 59057
33758 59057
33759 59057
33760 59057
33761 59057
33762 59057
33770 61887 
33771 61887
33797 59057
33798 59057
33799 59057
33800 59057
33801 59057
33802 59057
33803 59057
33804 59057
33805 59057
33806 59057
33817 61887 
33818 61887 
33819 61887
33821 61887
33822 61887 
33823 61887 
33851 59057
33852 59057
33853 59057
33854 59057
33855 59057
33856 59057
33857 59057
33858 59057
33859 59057
33868 61887 
33869 61887 
33870 61887 
33871 61887 
33872 61887
33873 61887 
33874 61887 
33877 61887
33905 59057
33906 59057
33907 59057
33908 59057
33909 59057
33910 59057
33911 59057
33920 61887 
33921 61887 
33922 61887 
33923 61887
33925 61887 
33926 61887
33957 59057
33958 59057
33959 59057
33960 59057
33961 59057
33967 61887
33968 61887
33969 61887 
33970 61887 
33971 61887
33973 61887 
33974 61887 
34011 61887
34014 61887
34016 61887
34017 61887
34059 61887 
34060 61887 
34062 61887 
34065 61887
34066 61887 
34069 61887 
34070 61887
34071 61887
34074 61887
34119 61887 
34122 61887
34123 61887 
34127 61887
34128 61887 
34131 61887
34132 61887
34133 61887
34136 61887 
34170 61887 
34171 61887
34173 61887 
34174 61887
34177 61887
34178 61887 
34179 61887
34180 61887 
34182 61887
34183 61887 
34184 61887 
34222 61887 
34223 61887
34224 61887
34229 61887
34231 61887
34232 61887 
34235 61887
34236 61887 
34258 61887 
34259 61887 
34260 61887 
34267 61887
34268 61887
34269 61887
34271 61887
34272 61887
34273 61887 
34291 61887 
34295 61887 
34296 61887
34301 61887
34302 61887
34303 61887
34304 61887
34305 61887
34306 61887 
34307 61887 
34333 61887 
34335 61887 
34336 61887 
34337 61887 
34340 61887 
34342 61887
34345 61887 
34347 61887
34348 61887
34372 61887 
34374 61887
34375 61887 
34383 61887
34386 61887 
34387 61887
34388 61887
34418 61887 
34422 61887
34430 61887
34435 61887
34436 61887
34437 61887 
34473 61887 
34477 61887 
34488 61887 
34490 61887 
34491 61887 
34492 61887 
34522 61887
34525 61887
34533 61887 
34536 61887
34538 61887 
34539 61887 
34540 61887 
34568 61887 
34569 61887
34582 61887 
34583 61887 
34584 61887 
34585 61887 
34586 61887 
34587 61887
34611 61887 
34612 61887 
34613 61887
34615 61887
34626 61887 
34627 61887 
34628 61887 
34629 61887 
34630 61887 
34631 61887 
34670 61887 
34671 61887
34672 61887 
34673 61887
34680 61887
34681 61887 
34682 61887 
34683 61887 
34684 61887 
34723 61887 
34724 61887 
34725 61887 
34727 61887
34732 61887 
34733 61887 
34734 61887 
34774 61887
34776 61887 
34778 61887 
34780 61887 
34781 61887 
34782 61887 
34819 61887
34822 61887 
34825 61887
34855 56327 
34865 61887 
34868 61887 
34869 61887
34904 56327 
34910 61887 
34911 61887 
34913 61887
34914 61887 
34965 61887 
34999 56327 
35001 61887 
35002 61887 
35032 56327 
35034 56327 
35037 56327 
35039 61887 
35078 56327 
35080 56327 
35114 56327 
35154 56327 
35155 56327 
35157 61887 
35195 56327 
35200 56327
35227 56327 
35230 56327 
35232 56327 
35233 56327 
35234 56327 
35263 56327 
35266 56327 
35267 56327 
35300 56327 
35342 56327 
35448 56327 
35472 56327 
38201 17174
38202 17174
38203 17174
38238 17174
38239 17174
38240 17174
38241 17174
38242 17174
38279 17174
38280 17174
38281 17174
38282 17174
38283 17174
38284 17174
38301 35660 
38322 17174
38323 17174
38324 17174
38325 17174
38326 17174
38327 17174
38328 17174
38360 17174
38361 17174
38362 17174
38363 17174
38364 17174
38373 35660 
38376 35660 
38377 36381 
38406 35660 
38410 35660 
38413 36381 
38444 35660 36381 
38446 35660 
38451 36381 
38491 35660 
38492 35660 
38494 36381 
38498 36381 
38525 35660 
38526 36381 
38528 36381 
38529 36381 
38530 36381 
38572 35660 
38576 35660 
38577 35660 
38579 35660 
38580 36381 
38581 36381 
38582 36381
38584 36381 
38617 35660 
38622 35660
38626 36381 
38631 36381 
38658 35660 
38661 36381
38664 36381 
38699 36381 
38700 36381 
38703 36381
38710 36381 
38711 36381 
38732 35660 
38743 35660 
38746 35660 36381 
38747 35660 
38756 36381 
38799 35660 36381 
38800 35660 
38809 36381 
38840 36381 
38847 36381 
38939 36381 
38940 36381 
38971 35660 
38987 36381 
39015 35660 
39020 36381 
39024 36381 
39077 36381 
39712 13776 
39713 13776 
39747 13776 
39748 13776 
39749 13776 
39752 13743 
39789 13776 
39791 13743 
39823 13743 
39825 13743 
39826 13743 
39829 13743 
39831 13743 
39850 13743 
39855 13743 
39858 13743 
39891 13743 
39892 13743 
39928 13743 
39929 13743 
39930 13743 
39964 13743 
39965 13743 
39967 13743 
39969 13743
39970 13743 
39971 13743 
39972 13743 
40002 13743 
40008 13776
40009 13776
40055 13776
40056 13776
40057 13776
40058 13776
40059 13776
40062 13743 
40092 13776
40093 13776
40094 13776
40095 13776
40096 13776
40097 13776
40099 13776
40135 13776
40136 13776
40137 13776
40138 13776
40139 13776
40140 13776
40141 13776
40142 13776
40178 13776
40179 13776
40180 13776
40181 13776
40182 13776
40183 13776
40186 13776
40213 13776
40214 13776
40215 13776
40216 13776
40217 13776
40218 13776
40224 13776
40251 13776
40252 13776
40253 13776
40254 13776
40255 13776
40298 13776
40299 13776
40300 13776
40301 13776
40337 13776
40338 13776 
40340 13776
40349 13743 
40461 44442
40522 44442
40523 44442
40551 44442
40552 44442
40553 44442
40575 44442
40576 44442
40577 44442
40603 44442
40604 44442
40605 44442
40606 44442
40632 44442
40633 44442
40634 44442
40635 44442
40656 44442
40657 44442
40658 44442
40682 44442
40683 44442
40684 44442
40710 44442
40711 44442
40738 44442
40739 44442
40759 44442
47204 17210
47205 17210
47206 17210
47207 17210
47241 17210
47242 17210
47243 17210
47244 17210
47245 17210
47275 17210
47276 17210
47277 17210
47278 17210
47279 17210
47280 17210
47295 17210
47296 17210
47297 17210
47298 17210
47299 17210
47320 17210
47321 17210
47322 17210
47323 17210
47324 17210
48816 4219 
48832 4219 
48833 4219 
48834 4219 
48835 4219 
48836 4219 
48866 4219 
48867 4219 
48891 4219 
48894 4219 
48913 4219
48914 4219
48915 4219
48940 4219
48941 4219 
48962 4219 
48964 4219 
48965 4219
48970 4219
48971 4219 
48972 4471 
48973 4471 
48992 4219 
48993 4219 
48995 4219 
48996 4219 
48997 4219
48998 4219
48999 4219
49019 4219 
49021 4219
49022 4219 
49024 4219
49025 4219
49028 4219
49029 4219 
49030 4471 
49056 4219
49057 4219 
49058 4219
49063 4219
49066 4219 
49082 4219
49084 4219 
49085 4219 
49095 4471 
49096 4471 
49109 4219 
49110 4219 
49112 4363
49113 4363
49114 4363
49115 4363
49116 4363 
49117 4363
49118 4363
49123 4219 
49124 4471 
49125 4471 
49126 4471 
49151 4219 
49153 4219
49154 4219
49157 4363
49158 4363
49159 4363
49160 4363
49161 4363
49162 4363
49163 4363
49164 4363
49165 4363
49169 4471 
49171 4471 
49191 38662
49208 4219
49209 4219 
49211 4363
49212 4363
49213 4363
49214 4363
49215 4363
49216 4363
49217 4363
49218 4363
49219 4363
49220 4363
49221 4363
49225 4471 
49237 38662
49238 38662
49239 38662
49240 38662
49241 38662
49252 4219 
49254 4363
49255 4363
49256 4363
49257 4363
49258 4363
49259 4363
49260 4363
49261 4363
49262 4363
49263 4363
49264 4363
49268 4219 4471 
49271 4471
49278 38662
49279 38662
49280 38662
49281 38662
49282 38662
49295 4363
49296 4363
49297 4363
49298 4363
49299 4363
49300 4363
49301 4363
49302 4363
49303 4363
49304 4363
49306 4363
49310 4471
49318 38662
49319 38662
49320 38662
49321 38662
49322 38662
49323 38662
49335 4219 
49337 4219 
49340 4363
49341 4363
49342 4363
49343 4363
49344 4363
49345 4363
49346 4363
49347 4363
49348 4363
49349 4363
49350 4363
49351 4363
49355 4471 
49372 38662
49373 38662
49374 38662
49375 38662
49376 38662
49377 38662
49396 4219 
49397 4219 
49400 4363
49401 4363
49402 4363
49403 4363
49404 4363
49405 4363
49408 4363
49409 4363
49433 38662
49434 38662
49456 3993 4219 
49457 4219 
49459 4219 
49463 4363
49464 4363
49475 4471
49510 3993 4219 
49512 4219 3993 
49513 3993 4219 
49522 4471 
49524 4471 
49526 4471 
49561 3993 4219 
49564 4471 
49568 4471 
49571 4471 
49572 4471 
49603 4471 
49604 4471 
49606 4471 
49607 4471 
49639 4471 
49664 3993 
49667 4471 
49670 4471 
49695 3993 
49696 3993 
49697 3993 
49698 4471 
49721 3993 
49722 3993 
49746 3993 
49748 3993 
49749 3993 
49751 3993 
49778 3993 
49783 3993
49785 3993 
49786 3993 
49829 3993
49830 3993
49831 3993 
49832 3993 
49867 3993 
49871 3993 
49872 3993 
49877 3993 
49878 3993 
49909 3993 
49912 3993 
49914 3993 
49915 3993 
49937 3993 
49938 3993 
49952 3993 
49953 3993 
49994 3993 
50016 3993 
50039 3993 
53166 53001 
53246 53001 
53247 53001 
53287 53001 
53288 53001 
53325 53001 
53328 53001 
53340 56694
53341 56694
53342 56694
53375 53001 
53376 53001 
53386 56694
53387 56694
53388 56694
53389 56694
53390 56694
53391 56694
53392 56694
53393 56694
53394 56694
53395 56694
53396 56694
53399 56694 
53422 53001 
53423 53001 
53424 53001 
53425 53001 
53426 53001 
53436 56694
53437 56694
53438 56694
53439 56694
53440 56694
53441 56694
53442 56694
53443 56694
53444 56694
53445 56694
53446 56694
53447 56694
53448 56694
53451 56694
53473 53001 
53474 53001 
53482 56694 
53483 56694
53484 56694
53485 56694
53486 56694
53487 56694
53488 56694
53489 56694
53490 56694
53491 56694
53492 56694
53493 56694
53494 56694
53495 56694
53496 56694
53497 56694
53517 53001 
53520 53001 
53521 53001 
53522 53001 
53523 53001 
53524 53001 
53529 56694
53530 56694
53531 56694
53532 56694
53533 56694
53534 56694
53535 56694
53536 56694
53537 56694
53538 56694
53539 56694
53540 56694
53565 53001 
53566 53001 
53567 53001 
53568 53001
53570 53001 
53576 56694
53577 56694
53578 56694
53579 56694
53580 56694
53581 56694
53582 56694
53583 56694
53584 56694
53622 53001 
53623 53001
53624 53001 
53626 53001 
53627 53001 
53636 56694
53673 53001 
53674 53001 
53675 53001 
53676 53001 
53677 53001 
53678 53001
53679 53001 
53680 53001
53681 53001
53682 53001
53683 53001 
53685 53001
53686 53001 
53687 53001 
53688 53001 
53736 53001 
53737 53001 
53738 53001 
53739 53001 
53741 53001 
53742 53001
53743 53001
53744 53001
53745 53001 
53746 53001
53748 53001 
53749 53001 
53750 53001 
53751 53001
53789 53001 
53790 53001 
53791 53001 
53792 53001 
53793 53001 
53794 53001 
53795 53001 
53797 53001 
53798 53001 
53799 53001
53800 53001 
53801 53001 
53802 53001
53803 53001 
53804 53001 
53805 53001 
53806 53001
53809 53001
53810 53001
53811 53001 
53812 53001 
53847 53001 
53848 53001
53849 53001
53850 53001 
53851 53001
53852 53001 
53853 53001
53854 53001 
53855 53001
53856 53001 
53857 53001
53858 53001
53859 53001
53860 53001
53861 53001
53862 53001 
53863 53001
53864 53001 
53865 53001 
53866 53001 
53885 53001 
53886 53001
53887 53001 
53888 53001
53889 53001 
53890 53001
53891 53001 
53892 53001
53893 53001
53896 53001
53897 53001 
53898 53001 
53899 53001
53900 53001 
53901 53001
53902 53001 
53903 53001
53904 53001
53905 53001
53906 53001 
53907 53001 
53908 53001
53909 53001
53910 53001
53911 53001 
53912 53001
53913 53001 
53944 53001 
53945 53001
53946 53001
53947 53001
53948 53001
53949 53001
53950 53001
53951 53001 
53952 53001
53953 53001 
53954 53001
53955 53001
53956 53001
53957 53001
53958 53001
53959 53001
53960 53001
53961 53001 
53962 53001
53963 53001
53964 53001
53965 53001 
53966 53001
53967 53001
53968 53001
53969 53001 
53970 53001 
53995 53001 
53996 53001 
53997 53001
53998 53001
53999 53001 
54000 53001
54001 53001 
54002 53001 
54003 53001
54004 53001
54005 53001
54006 53001
54007 53001
54008 53001 
54009 53001
54010 53001
54011 53001
54012 53001
54013 53001
54014 53001
54015 53001
54016 53001
54017 53001
54018 53001
54019 53001
54020 53001
54021 53001
54022 53001
54023 53001
54024 53001 
54025 53001 
54039 53001 
54041 53001 
54042 53001 
54043 53001 
54044 53001
54045 53001 
54046 53001 
54047 53001
54048 53001 
54049 53001 
54050 53001 
54051 53001
54052 53001
54053 53001
54054 53001
54055 53001 
54056 53001 
54057 53001
54058 53001
54059 53001 
54060 53001
54062 53001
54063 53001
54064 53001
54065 53001 
54066 53001
54067 53001
54068 53001
54069 53001
54070 53001
54071 53001 
54092 53001 
54095 53001
54096 53001
54097 53001 
54098 53001 
54099 53001 
54100 53001 
54101 53001
54102 53001
54103 53001
54104 53001
54105 53001
54106 53001
54107 53001
54108 53001
54109 53001 
54110 53001
54111 53001
54112 53001
54113 53001 
54114 53001
54116 53001
54117 53001 
54118 53001
54119 53001
54120 53001
54121 53001
54122 53001
54123 53001
54124 53001 
54125 53001
54126 53001
54127 53001
54128 53001
54129 53001 
54130 53001
54131 53001 
54132 53001
54133 53001
54134 53001
54135 53001
54136 53001
54137 53001
54138 53001 
54140 53001 
54165 53001 
54166 53001 
54167 53001 
54168 53001
54169 53001
54170 53001 
54171 53001
54172 53001
54173 53001 
54174 53001
54175 53001
54176 53001
54177 53001
54178 53001
54179 53001
54180 53001
54181 53001
54182 53001
54183 53001
54184 53001
54185 53001
54186 53001
54187 53001
54188 53001
54189 53001
54190 53001 
54191 53001
54192 53001 
54193 53001 
54194 53001
54195 53001
54196 53001
54197 53001 
54198 53001
54199 53001 
54200 53001
54201 53001 
54202 53001
54203 53001
54204 53001 
54205 53001 
54206 53001 
54235 53001 
54236 53001 
54237 53001
54238 53001
54239 53001
54240 53001 
54241 53001
54242 53001
54243 53001
54244 53001
54245 53001
54246 53001
54247 53001
54248 53001 
54249 53001
54250 53001
54251 53001
54252 53001 
54253 53001
54254 53001
54255 53001 
54256 53001
54257 53001
54258 53001
54259 53001
54260 53001
54261 53001
54262 53001
54263 53001
54264 53001 
54265 53001
54266 53001
54267 53001
54268 53001
54269 53001
54270 53001
54271 53001
54272 53001 
54273 53001
54274 53001
54275 53001
54276 53001
54277 53001
54279 53001
54280 53001
54281 53001 
54312 53001
54313 53001 
54314 53001
54315 53001 
54316 53001
54317 53001
54318 53001 
54319 53001
54320 53001 
54321 53001
54322 53001
54323 53001
54324 53001
54325 53001 
54326 53001
54327 53001
54328 53001
54329 53001
54330 53001 
54331 53001 
54332 53001
54333 53001
54334 53001
54335 53001
54336 53001
54337 53001
54338 53001
54339 53001
54340 53001
54341 53001
54342 53001
54343 53001 
54344 53001
54345 53001
54346 53001
54347 53001
54348 53001
54349 53001
54350 53001 
54351 53001
54352 53001
54353 53001
54354 53001 
54355 53001
54356 53001 
54357 53001 
54358 53001
54359 53001 
54376 53001 
54377 53001
54378 53001 
54379 53001 
54380 53001
54381 53001
54382 53001
54383 53001
54384 53001
54385 53001
54386 53001
54387 53001
54388 53001 
54389 53001 
54390 53001
54391 53001
54392 53001
54393 53001
54394 53001
54395 53001
54396 53001
54397 53001
54398 53001
54399 53001
54400 53001
54401 53001
54402 53001 
54403 53001
54404 53001
54405 53001 
54406 53001
54407 53001
54408 53001
54409 53001
54410 53001 
54411 53001
54412 53001 
54413 53001
54414 53001
54415 53001
54416 53001 
54417 53001 
54418 53001 
54419 53001 
54420 53001
54421 53001
54422 53001
54423 53001 
54449 53001 
54450 53001 
54451 53001
54452 53001
54453 53001
54454 53001 
54455 53001 
54456 53001
54457 53001
54458 53001
54459 53001
54460 53001
54461 53001
54462 53001 
54463 53001 
54464 53001
54465 53001
54466 53001
54467 53001 
54468 53001
54469 53001
54470 53001
54471 53001
54472 53001
54473 53001
54474 53001
54475 53001 
54476 53001
54477 53001 
54478 53001 
54479 53001
54480 53001
54481 53001
54482 53001
54483 53001
54484 53001 
54485 53001
54486 53001
54487 53001
54488 53001 
54489 53001
54490 53001
54491 53001 
54492 53001
54493 53001
54494 53001
54495 53001
54496 53001
54497 53001
54498 53001
54499 53001
54500 53001 
54501 53001
54502 53001
54503 53001 
54504 53001 
54520 53001 
54521 53001 
54522 53001
54523 53001 
54524 53001
54525 53001
54526 53001
54527 53001
54528 53001
54529 53001 
54530 53001
54531 53001
54532 53001
54533 53001
54534 53001
54535 53001
54536 53001
54537 53001
54538 53001
54539 53001
54540 53001 
54541 53001 
54542 53001 
54543 53001
54544 53001
54545 53001 
54546 53001
54547 53001
54548 53001
54549 53001
54550 53001
54551 53001
54552 53001
54553 53001 
54554 53001
54555 53001
54556 53001 
54557 53001
54558 53001
54559 53001
54560 53001 
54561 53001
54562 53001
54563 53001
54564 53001
54565 53001
54566 53001 
54567 53001
54568 53001 
54569 53001
54570 53001 
54571 53001
54572 53001
54573 53001
54574 53001
54575 53001
54576 53001
54577 53001 
54578 53001 
54596 53001 
54597 53001 
54598 53001 
54599 53001 
54600 53001 
54601 53001
54602 53001
54603 53001
54604 53001
54605 53001
54606 53001
54607 53001
54608 53001
54609 53001 
54610 53001
54611 53001
54612 53001 
54613 53001
54614 53001
54615 53001
54616 53001 
54617 53001
54618 53001
54619 53001
54620 53001
54621 53001
54622 53001 
54623 53001
54624 53001
54625 53001
54626 53001 
54627 53001 
54628 53001
54629 53001
54630 53001
54631 53001
54632 53001
54633 53001 
54634 53001 
54635 53001
54636 53001 
54637 53001 
54638 53001
54639 53001 
54640 53001
54641 53001
54642 53001
54643 53001
54644 53001 
54645 53001
54646 53001
54647 53001
54648 53001 
54649 53001
54650 53001 
54651 53001
54652 53001 
54653 53001 
54654 53001
54655 53001
54656 53001 
54658 53001 
54659 53001
54660 53001
54661 53001 
54672 53001 
54673 53001 
54674 53001 
54675 53001 
54676 53001 
54677 53001 
54678 53001 
54679 53001 
54680 53001
54681 53001 
54682 53001
54683 53001
54684 53001 
54685 53001
54686 53001 
54687 53001
54688 53001
54689 53001
54690 53001
54691 53001 
54693 53001 
54694 53001
54695 53001
54696 53001
54697 53001
54698 53001
54699 53001
54700 53001
54701 53001
54702 53001
54703 53001
54704 53001 
54705 53001
54706 53001
54708 53001
54710 53001
54711 53001
54712 53001
54713 53001
54714 53001
54715 53001
54716 53001
54717 53001
54718 53001
54719 53001 
54720 53001
54721 53001 
54722 53001
54723 53001
54724 53001 
54725 53001
54726 53001
54727 53001
54728 53001
54730 53001
54731 53001 
54732 53001 
54733 53001 
54734 53001 
54755 53001 
54756 53001 
54757 53001 
54758 53001 
54759 53001 
54760 53001
54761 53001 
54762 53001 
54763 53001 
54764 53001 
54765 53001
54766 53001
54767 53001
54768 53001
54769 53001
54770 53001
54771 53001 
54772 53001 
54773 53001 
54774 53001
54775 53001 
54776 53001 
54777 53001 
54778 53001
54779 53001
54780 53001
54781 53001
54782 53001 
54783 53001
54784 53001
54785 53001
54786 53001 
54788 53001
54789 53001 
54790 53001 
54791 53001 
54792 53001
54793 53001 
54794 53001 
54795 53001
54797 53001 
54798 53001 
54799 53001 
54800 53001 
54801 53001
54802 53001
54803 53001 
54804 53001
54805 53001
54807 53001 
54808 53001
54809 53001
54810 53001
54811 53001
54812 53001
54813 53001
54814 53001
54815 53001 
54816 53001 
54817 53001
54818 53001
54819 53001
54842 53001
54843 53001
54844 53001
54845 53001 
54846 53001 
54847 53001 
54848 53001
54849 53001 
54850 53001
54851 53001 
54852 53001
54853 53001 
54854 53001 
54855 53001
54856 53001
54857 53001 
54858 53001 
54859 53001 
54861 53001 
54862 53001
54863 53001
54864 53001
54865 53001
54866 53001 
54867 53001 
54868 53001
54869 53001 
54870 53001 
54871 53001 
54872 53001
54873 53001
54874 53001
54875 53001
54876 53001
54877 53001
54878 53001
54879 53001 
54880 53001 
54881 53001
54882 53001 
54883 53001 
54884 53001
54885 53001 
54886 53001
54887 53001
54888 53001 
54889 53001
54890 53001
54891 53001
54893 53001
54894 53001
54895 53001
54896 53001
54897 53001
54898 53001
54899 53001
54900 53001
54901 53001
54902 53001
54903 53001 
54904 53001 
54905 53001 
54907 53001
54908 53001
54931 53001 
54932 53001
54933 53001 
54934 53001
54935 53001
54936 53001
54937 53001
54938 53001 
54939 53001
54940 53001
54941 53001
54942 53001
54943 53001
54944 53001
54945 53001
54946 53001
54947 53001
54948 53001 
54949 53001 
54950 53001 
54951 53001 
54953 53001 
54954 53001 
54955 53001 
54956 53001 
54957 53001 
54958 53001 
54959 53001
54960 53001
54961 53001
54962 53001 
54963 53001 
54964 53001 
54966 53001 
54968 53001
54969 53001 
54970 53001
54971 53001
54972 53001 
54973 53001
54974 53001 
54976 53001
54977 53001 
54978 53001 
54979 53001
54980 53001
54981 53001
54982 53001
54983 53001
54984 53001 
54985 53001
54986 53001
54987 53001 
54988 53001
54989 53001
54990 53001
54991 53001 
54992 53001 
54993 53001 
54994 53001 
54995 53001
54997 53001 
55018 53001 
55019 53001 
55020 53001 
55021 53001
55022 53001
55023 53001 
55024 53001
55025 53001
55026 53001 
55027 53001
55028 53001 
55029 53001
55030 53001
55031 53001
55032 53001
55033 53001
55034 53001
55035 53001
55036 53001
55037 53001
55038 53001
55039 53001
55040 53001
55041 53001 
55042 53001 
55043 53001
55044 53001 
55045 53001
55046 53001
55047 53001 
55048 53001
55049 53001 
55050 53001 
55051 53001
55052 53001 
55053 53001 
55054 53001 
55056 53001 
55057 53001 
55058 53001 
55060 53001 
55061 53001 
55063 53001 
55064 53001 
55065 53001
55066 53001
55067 53001 
55068 53001
55069 53001
55070 53001
55071 53001
55072 53001 
55073 53001 
55074 53001
55075 53001
55076 53001
55078 53001 
55079 53001 
55080 53001 
55081 53001 
55082 53001 
55098 53001
55099 53001
55100 53001
55101 53001
55102 53001 
55103 53001 
55104 53001 
55105 53001 
55107 53001 
55109 53001 
55110 53001
55111 53001
55113 53001
55114 53001 
55115 53001
55116 53001 
55117 53001
55118 53001
55119 53001
55120 53001
55121 53001
55122 53001
55123 53001
55124 53001
55125 53001
55126 53001
55127 53001
55128 53001
55129 53001 
55131 53001
55132 53001
55133 53001 
55134 53001 
55135 53001 
55136 53001 
55139 53001 
55140 53001
55142 53001 
55143 53001 
55144 53001 
55145 53001
55146 53001
55147 53001
55148 53001 
55149 53001 
55150 53001
55151 53001 
55152 53001
55153 53001
55154 53001
55155 53001
55156 53001
55157 53001
55158 53001
55159 53001 
55160 53001
55161 53001 
55162 53001 
55163 53001
55164 53001 
55189 53001 
55190 53001 
55191 53001 
55192 53001
55193 53001
55194 53001 
55195 53001
55196 53001 
55197 53001 
55198 53001
55200 53001
55201 53001
55202 53001
55203 53001
55204 53001
55205 53001 
55206 53001 
55207 53001
55208 53001
55209 53001 
55210 53001 
55211 53001
55213 53001
55214 53001
55215 53001
55216 53001
55217 53001 
55218 53001
55219 53001
55220 53001
55221 53001 
55223 53001
55224 53001 
55226 53001
55227 53001 
55228 53001 
55229 53001 
55230 53001 
55231 53001
55232 53001
55233 53001 
55234 53001 
55236 53001 
55238 53001 
55240 53001 
55241 53001
55242 53001
55243 53001 
55244 53001
55245 53001
55246 53001
55247 53001
55248 53001
55249 53001
55250 53001
55251 53001
55252 53001 
55253 53001 
55254 53001 
55255 53001
55256 53001 
55257 53001
55258 53001
55259 53001
55260 53001 
55261 53001 
55262 53001 
55284 53001 
55285 53001 
55286 53001 
55287 53001 
55288 53001
55289 53001 
55290 53001 
55291 53001 
55292 53001 
55293 53001
55294 53001 
55295 53001 
55297 53001 
55298 53001
55299 53001
55300 53001
55302 53001 
55304 53001
55305 53001 
55306 53001
55307 53001 
55309 53001
55310 53001 
55311 53001 
55312 53001
55313 53001
55314 51943 
55315 53001 
55316 53001 
55317 53001
55318 53001
55319 53001
55321 53001
55322 53001
55323 53001
55324 53001 
55326 51943
55327 53001 
55329 53001 
55330 53001 
55331 53001 
55333 53001 
55334 53001 
55335 53001 
55336 53001 
55338 53001
55339 53001
55340 53001
55341 53001 
55342 53001
55343 53001
55344 53001
55345 53001
55346 53001
55347 53001 
55348 53001
55349 53001 
55350 53001 
55351 53001 
55352 53001
55353 53001
55354 53001 
55356 53001 
55357 53001
55358 53001 
55359 53001 
55386 53001 
55387 53001 
55388 53001 
55389 53001 
55390 53001
55391 53001 
55392 53001
55393 53001 
55394 53001 
55395 53001
55396 53001
55397 53001
55398 53001
55399 53001 
55400 53001
55401 53001
55402 53001
55403 53001
55404 53001
55405 53001
55406 53001
55407 53001 
55408 53001 
55409 53001 
55410 53001 
55411 53001
55412 53001 
55413 53001
55414 53001 
55416 53001
55417 53001
55418 53001 
55419 53001 
55420 53001 
55421 53001 
55422 53001 
55423 51943
55424 53001 
55426 53001 
55427 53001 
55429 51943
55430 53001 
55432 53001 
55437 53001 
55438 53001
55442 53001
55443 51843 53001 
55445 53001 
55446 53001
55447 53001
55448 53001
55449 53001
55450 53001
55451 53001
55452 53001
55453 53001
55454 53001 
55455 53001 
55456 53001 
55457 53001 
55458 53001
55459 53001
55460 53001 
55461 53001 
55484 53001
55485 53001 
55486 53001 
55487 53001
55488 53001 
55489 53001 
55490 53001 
55491 53001
55492 53001 
55493 53001 
55494 53001
55495 53001 
55496 53001 
55497 53001
55498 53001
55499 53001
55500 53001 
55502 53001
55503 53001
55504 53001
55505 53001
55506 53001
55508 53001 
55509 53001
55511 53001 
55512 53001
55513 53001 
55514 53001 
55515 53001 
55516 53001
55518 53001 
55519 53001 
55520 51943 
55521 53001 
55523 53001 
55526 51943 
55528 51943
55529 53001 
55531 53001 
55532 53001 
55533 51843 
55535 53001 
55536 53001 
55537 53001
55538 53001 
55539 53001 
55540 51843 
55541 53001
55542 53001 
55543 53001
55544 53001 
55545 53001
55546 53001
55547 53001
55548 53001
55549 53001 
55550 53001 
55551 53001
55552 53001 
55553 53001 
55554 53001 
55555 53001
55586 53001 
55587 53001 
55588 53001 
55589 53001 
55590 53001 
55591 53001
55592 53001 
55593 53001 
55594 53001 
55595 53001
55596 53001
55597 53001 
55598 53001 
55600 53001 
55601 53001 
55602 53001
55603 53001
55604 53001
55605 53001
55606 53001 
55607 53001 
55608 53001
55609 53001
55610 53001
55611 53001
55612 53001 
55614 53001
55616 53001 
55618 53001
55619 53001
55622 53001 
55624 53001 
55625 53001 
55626 53001 
55627 53001 
55629 51943
55632 53001 
55633 51943
55634 53001 
55637 53001 
55638 53001 
55639 53001 
55640 51843 
55641 53001 
55642 53001 
55643 53001 
55644 53001 
55645 53001 
55646 53001
55647 53001
55648 53001
55649 53001
55650 53001 
55651 53001 
55652 53001
55653 53001
55655 53001
55656 53001
55657 53001 
55658 53001 
55659 53001 
55660 53001
55661 53001 
55662 53001
55663 53001
55705 53001 
55706 53001 
55707 53001 
55708 53001 
55709 53001 
55710 53001
55711 53001
55712 53001
55713 53001
55714 53001 
55715 53001
55716 53001
55717 53001
55718 53001
55719 53001 
55720 53001 
55721 53001
55722 53001
55723 53001
55724 53001
55725 53001 
55726 53001
55727 53001
55728 53001
55729 53001
55730 53001
55731 53001
55732 53001 
55733 51943
55734 53001 
55735 53001 
55736 53001
55737 53001 
55739 51943
55740 51943
55741 53001
55742 51943
55744 51943
55745 53001 
55746 51943
55747 51943
55748 51943
55750 51943
55752 51943
55754 51943
55756 51943
55757 51943
55758 53001 
55759 53001 
55761 51843 53001 
55762 53001
55763 53001 
55764 53001
55765 53001
55766 53001 
55767 53001
55768 53001
55769 53001
55770 53001 
55771 51843 
55772 53001
55773 53001 
55774 53001
55775 53001 
55776 53001
55777 53001
55778 53001
55779 53001
55781 53001 
55811 53001 
55812 53001
55813 53001 
55814 53001
55815 53001 
55816 53001 
55817 53001 
55818 53001 
55819 53001 
55820 53001
55821 53001
55822 53001 
55825 53001
55826 53001 
55827 53001
55828 53001
55829 53001
55830 53001
55831 53001
55832 53001 
55833 53001
55834 53001
55835 53001
55836 53001 
55837 53001 
55838 53001
55840 53001 
55845 51943
55846 51943
55847 51943
55848 51943
55849 51943
55850 51943
55851 51943
55852 51943
55853 51943
55854 51943
55855 51943
55857 51943
55858 51943
55860 51943
55862 51943
55864 53001 
55865 53001 
55866 51843 
55867 53001
55869 53001 
55870 53001 
55871 53001
55872 53001 
55873 53001 
55874 53001 
55875 53001
55876 53001 
55877 53001 
55878 53001 
55879 53001
55880 53001
55881 53001
55882 53001 
55883 53001
55884 53001
55885 53001 
55886 53001
55887 53001
55888 53001 
55922 53001 
55923 53001 
55925 53001 
55926 53001
55927 53001
55928 53001 
55929 53001 
55930 53001 
55931 53001
55932 53001 
55933 53001
55934 53001
55935 53001
55936 53001
55937 53001 
55940 53001
55941 53001
55943 53001
55944 53001 
55945 53001
55946 53001
55947 53001
55948 53001
55951 53001
55952 53001
55953 53001 
55954 53001 
55956 53001 
55958 51943
55959 51943
55960 51943
55961 51943
55962 51943
55963 51943
55964 51943
55965 51943
55966 51943
55967 51943
55968 51943
55969 51943
55970 51943
55971 51943
55973 51943
55974 51943
55979 51843 
55980 53001 
55981 51843 53001 
55982 53001
55983 53001
55984 53001 
55985 53001
55986 53001 
55987 53001 
55988 53001 
55989 53001 
55990 53001 
55991 53001
55992 53001
55993 53001
55994 53001
55995 53001
55996 53001
55997 53001
55998 53001
55999 53001
56000 53001
56001 53001
56002 53001 
56003 53001 
56004 53001 
56038 53001 
56039 53001 
56041 53001
56042 53001 
56043 53001
56044 53001 
56045 53001 
56046 53001 
56047 53001
56048 53001
56049 53001 
56050 53001
56051 53001
56052 53001 
56053 53001
56054 53001 
56056 53001 
56057 53001 
56058 53001
56060 53001
56062 53001
56063 53001 
56065 53001
56066 53001 
56067 53001 
56070 53001
56072 51943
56074 51943
56075 51943
56076 51943
56077 51943
56078 51943
56079 51943
56080 51943
56081 51943
56082 51943
56083 51943
56084 51943
56085 51943
56086 51943
56087 51943
56088 51943
56089 51943
56090 51943
56091 51943
56092 51943
56097 51843 
56100 53001
56101 53001 
56102 53001 
56103 51843 53001 
56104 53001 
56105 53001 
56106 53001 
56107 53001
56108 53001 
56109 53001
56111 53001
56112 53001 
56113 53001
56115 53001
56116 53001 
56117 53001
56118 53001
56119 53001 
56120 53001
56121 53001
56122 53001 
56123 53001 
56124 53001 
56125 53001 
56148 53001 
56149 53001
56150 53001
56151 53001
56152 53001
56153 53001
56154 53001 
56155 53001
56156 53001 
56157 53001
56158 53001
56159 53001 
56160 53001
56161 53001 
56162 53001 
56163 53001 
56164 53001 
56165 53001
56166 53001
56167 53001
56168 53001 
56169 53001
56170 53001
56171 53001
56172 53001
56173 53001
56174 53001 
56177 53001 
56178 51943
56179 51943
56180 51943
56181 51943
56182 51943
56183 51943
56184 51943
56185 51943
56186 51943
56187 51943
56188 51943
56189 51943
56190 51943
56191 51943
56192 51943
56193 51943
56194 51943
56195 51943
56196 51943
56197 51943
56198 51943
56199 51943
56200 51943
56201 51943
56202 51943
56208 51843
56209 53001
56210 51843 
56211 53001
56212 53001 
56213 53001 
56215 53001
56216 53001 
56217 53001
56218 53001 
56219 53001 
56220 53001 
56221 53001
56222 53001 
56223 53001 
56224 53001 
56225 53001
56227 53001
56228 53001 
56249 53001
56250 53001
56251 53001 
56252 53001
56253 53001
56254 53001
56255 53001 
56256 53001
56257 53001
56258 53001 
56259 53001 
56261 53001
56262 53001
56263 53001
56264 53001
56265 53001
56266 53001
56267 53001
56268 53001 
56270 53001 
56271 53001
56272 53001
56273 53001
56275 53001 
56277 53001
56278 51943
56279 53001
56280 51943
56281 51943
56282 51943
56283 51943
56284 51943
56285 51943
56286 51943
56287 51943
56288 51943
56289 51943
56290 51943
56291 51943
56292 51943
56293 51943
56294 51943
56295 51943
56296 51943
56297 51943
56298 51943
56299 51943
56300 51943
56301 51943
56302 51943
56307 51843 
56309 53001 
56310 53001
56311 51843 53001 
56312 53001
56313 51843 
56314 53001 
56315 53001
56316 53001 
56317 53001 
56318 53001
56319 53001 
56320 53001
56321 53001 
56322 53001
56323 53001
56325 53001
56327 53001 
56328 53001
56329 53001
56352 53001 
56353 53001 
56354 53001 
56355 53001
56356 53001
56357 53001
56358 53001
56359 53001 
56360 53001
56361 53001
56362 53001
56363 53001
56364 53001 
56365 53001 
56366 53001
56367 53001
56368 53001
56369 53001 
56370 53001
56372 53001
56373 53001
56374 53001
56376 53001
56377 53001
56379 53001
56380 53001
56381 53001
56383 53001
56385 51943
56386 51943
56387 51943
56388 51943
56389 51943
56390 51943
56391 51943
56392 51943
56393 51943
56394 51943
56395 51943
56396 51943
56397 51943
56398 51943
56399 51943
56400 51943
56401 51943
56402 51943
56403 51943
56404 51943
56405 51943
56406 51943
56407 51943
56408 51943
56409 51943
56410 51943
56411 51943
56412 51943
56414 51843 
56415 53001 
56417 53001 
56418 53001 
56419 52509 
56420 53001 
56421 53001 
56422 53001 
56423 52509 
56424 53001
56425 53001
56426 53001
56427 53001
56428 53001 
56429 53001
56430 53001 
56431 53001
56432 53001
56433 53001 
56434 53001 
56435 53001
56437 53001
56438 53001 
56463 53001 
56464 53001
56465 53001
56466 53001
56467 53001
56468 53001
56470 53001
56471 53001 
56472 53001
56473 53001
56474 53001 
56475 53001 
56476 53001
56477 53001
56478 53001
56479 53001
56480 53001
56481 53001
56482 53001
56483 53001
56484 53001 
56485 53001
56486 53001
56487 53001
56488 53001 
56489 53001 
56490 53001
56493 51943 
56494 51943 
56495 51943
56496 51943
56497 51943
56498 51943
56499 51943
56500 51943
56501 51943
56502 51943
56503 51943
56504 51943
56505 51943
56506 51943
56507 51943
56508 51943
56509 51943
56510 51943
56511 51943
56512 51943
56513 51943
56514 51943
56515 51943
56516 51943
56517 51943
56518 51943
56519 51943
56520 51943
56521 51943
56523 52509 
56525 51943 
56527 52509 
56528 53001
56529 53001
56530 53001 
56531 53001
56532 53001 
56533 53001
56534 52509 
56535 53001
56536 53001 
56537 53001
56539 53001
56540 53001 
56541 53001
56542 53001
56543 53001
56544 53001 
56545 53001 
56546 53001
56547 53001
56548 53001 
56549 53001 
56570 53001 
56571 53001
56572 53001 
56573 53001
56574 53001 
56575 53001 
56576 53001
56577 53001
56578 53001
56579 53001
56580 53001
56581 53001 
56582 53001 
56583 53001
56584 53001
56585 53001 
56586 53001
56587 53001
56588 53001
56589 53001
56590 53001
56591 53001
56592 53001
56595 53001 
56596 53001 
56597 53001 
56598 51943 
56599 51943
56601 51943
56602 51943
56603 51943
56604 51943
56605 51943
56606 51943
56607 51943
56608 51943
56609 51943
56610 51943
56611 51943
56612 51943
56613 51943
56614 51943
56615 51943
56616 51943
56617 51943
56618 51943
56619 51943
56620 51943
56621 51943
56622 51943
56623 51943
56624 51943
56625 51943
56626 51943
56627 51943
56630 51943
56633 52509 
56634 53001
56635 53001 
56636 53001 
56637 53001
56638 53001
56639 51843 
56640 53001
56641 53001
56642 53001
56644 53001 
56645 53001
56646 53001
56647 53001 
56648 53001 
56649 53001 
56650 53001
56651 53001 
56652 53001 
56653 53001 
56668 53001 
56669 53001 
56670 53001
56671 53001
56672 53001 
56673 53001
56674 53001
56675 53001
56676 53001
56677 53001 
56678 53001
56679 53001
56681 53001
56682 53001 
56683 53001
56684 53001 
56685 53001
56686 53001
56687 53001
56688 53001
56689 53001
56690 53001
56691 53001
56692 53001
56693 53001 
56694 53001
56695 53001 
56696 53001 
56698 51943
56699 51943
56700 51943
56701 51943
56702 51943
56703 51943
56704 51943
56705 51943
56706 51943
56707 51943
56708 51943
56709 51943
56710 51943
56711 51943
56712 51943
56713 51943
56714 51943
56715 51943
56716 51943
56717 51943
56718 51943
56719 51943
56720 51943
56721 51943
56722 51943
56723 51943
56724 51943
56725 51943
56726 51943
56727 51943
56729 51943
56730 52509 
56731 51843 
56732 51843 
56733 52509 
56734 53001 
56737 51843 
56738 53001
56740 53001 
56741 53001
56742 53001
56743 53001
56744 53001
56745 53001
56746 53001
56747 53001
56748 53001 
56750 53001 
56751 53001 
56753 53001 
56767 53001 
56768 53001 
56770 53001
56771 53001
56772 53001
56773 53001
56774 53001
56775 53001
56776 53001 
56777 53001 
56778 53001 
56779 53001
56780 53001 
56781 53001 
56782 53001
56783 53001 
56784 53001 
56785 53001 
56786 53001
56787 53001
56788 53001
56789 53001 
56790 53001
56792 53001
56794 53001
56795 53001
56796 53001
56800 51943
56801 51943
56802 51943
56803 51943
56804 51943
56805 51943
56806 51943
56807 51943
56808 51943
56809 51943
56810 51943
56811 51943
56812 51943
56813 51943
56814 51943
56815 51943
56816 51943
56817 51943
56818 51943
56819 51943
56820 51943
56821 51943
56822 51943
56823 51943
56824 51943
56825 51943
56826 51943
56827 51943
56828 51943
56829 51943
56833 53001 
56835 53001
56836 53001
56837 53001
56838 53001
56839 53001
56840 52509 
56841 53001
56842 52509 
56843 52509 
56844 53001 
56845 53001
56846 53001
56847 53001
56848 53001
56849 53001
56850 53001 
56851 53001
56852 53001 
56853 53001 
56859 53001 
56860 53001 
56861 53001 
56862 53001
56863 53001
56864 53001
56865 53001
56866 53001
56867 53001
56868 53001
56869 53001
56870 53001 
56871 53001
56873 53001
56874 53001
56875 53001 
56876 53001
56877 53001 
56880 53001
56881 53001
56882 53001
56883 53001
56884 53001 
56885 53001
56889 53001 
56890 51943
56891 51943
56892 51943
56893 51943
56894 51943
56895 51943
56896 51943
56897 51943
56898 51943
56899 51943
56900 51943
56901 51943
56902 51943
56903 51943
56904 51943
56905 51943
56906 51943
56907 51943
56908 51943
56909 51943
56910 51943
56911 51943
56912 51943
56913 51943
56914 51943
56915 51943
56916 51943
56917 51943
56918 51943
56919 51943
56920 51943
56923 52509 
56925 53001 
56927 51843 
56928 53001 
56929 53001
56931 53001
56932 53001
56933 53001
56934 53001
56935 53001
56936 53001
56937 53001 
56938 53001 
56939 53001
56940 53001
56941 53001
56942 53001 
56943 53001 
56958 53001
56959 53001
56960 53001 
56961 53001
56962 53001
56963 53001 
56964 53001
56965 53001
56966 53001 
56967 53001
56968 53001
56969 53001
56970 53001 
56971 53001
56972 53001 
56973 53001 
56974 53001
56975 53001 
56978 53001
56979 53001 
56980 53001
56981 53001
56982 53001
56983 53001 
56984 53001 
56988 51943
56989 51943
56990 51943
56991 51943
56992 51943
56993 51943
56994 51943
56995 51943
56996 51943
56997 51943
56998 51943
56999 51943
57000 51943
57001 51943
57002 51943
57003 51943
57004 51943
57005 51943
57006 51943
57007 51943
57008 51943
57009 51943
57010 51943
57011 51943
57012 51943
57013 51943
57014 51943
57015 51943
57016 51943
57017 51943
57018 51943
57020 52509 
57021 51843 
57022 53001 
57024 53001 51843 
57025 52509
57026 53001 
57027 53001
57028 53001
57029 53001 
57030 52509 
57031 53001 
57032 53001
57033 53001 
57034 53001
57035 53001
57036 53001 
57037 53001 
57038 53001
57039 53001
57040 53001 
57041 53001
57042 53001
57065 53001 
57066 53001 
57067 53001 
57068 53001
57069 53001
57070 53001
57071 53001
57072 53001
57073 53001
57074 53001
57075 53001 
57076 53001 
57077 53001 
57078 53001
57079 53001
57080 53001
57081 53001 
57083 53001
57084 53001
57085 53001
57086 53001
57087 53001
57088 53001 
57089 53001 
57091 53001 
57093 51943
57094 51943
57095 51943
57096 51943
57097 51943
57098 51943
57099 51943
57100 51943
57101 51943
57102 51943
57103 51943
57104 51943
57105 51943
57106 51943
57107 51943
57108 51943
57109 51943
57110 51943
57111 51943
57112 51943
57113 51943
57114 51943
57115 51943
57116 51943
57117 51943
57118 51943
57119 51943
57120 51943
57121 51943
57122 51943
57123 51943
57124 51943
57125 51843 
57126 52509 
57127 52509 
57130 53001 
57132 52509
57133 53001
57134 53001
57135 53001 
57136 53001
57137 53001
57138 53001
57139 53001 
57140 53001 
57141 53001
57142 53001 
57143 53001 
57144 53001
57145 53001
57146 53001
57147 53001
57148 53001
57149 53001
57150 53001 
57151 53001 
57152 53001 
57171 53001 
57172 53001 
57173 53001 
57174 53001
57175 53001
57176 53001 
57177 53001
57178 53001
57179 53001
57180 53001
57181 53001
57182 53001
57183 53001
57184 53001 
57185 53001
57186 53001
57187 53001
57188 53001
57189 53001 
57190 53001
57191 53001
57192 53001
57194 53001 
57195 53001
57196 53001 
57197 53001 
57200 51943 
57202 51943
57203 51943
57204 51943
57205 51943
57206 51943
57207 51943
57208 51943
57209 51943
57210 51943
57211 51943
57212 51943
57213 51943
57214 51943
57215 51943
57216 51943
57217 51943
57218 51943
57219 51943
57220 51943
57221 51943
57222 51943
57223 51943
57224 51943
57225 51943
57226 51943
57227 51943
57228 51943
57229 51943
57230 51943
57232 51943
57233 51943
57234 51943
57235 51943
57236 51943 
57237 52509
57238 53001 
57239 53001 
57240 53001
57241 52509 
57242 53001
57244 53001
57245 53001
57246 53001
57248 53001
57249 53001 
57250 53001
57251 53001
57252 53001 
57253 53001 
57254 53001
57255 53001
57256 53001 
57257 53001 
57258 53001 
57281 53001 
57282 53001
57283 53001 
57284 53001
57285 53001
57286 53001
57287 53001
57289 53001 
57290 53001 
57291 53001
57292 53001 
57293 53001
57294 53001
57295 53001
57296 53001
57297 53001
57299 53001
57300 53001 
57301 53001 
57302 53001 
57303 53001 
57304 51943 
57306 51943
57307 51943
57308 51943
57309 51943
57310 51943
57311 51943
57312 51943
57313 51943
57314 51943
57315 51943
57316 51943
57317 51943
57318 51943
57319 51943
57320 51943
57321 51943
57322 51943
57323 51943
57324 51943
57325 51943
57326 51943
57327 51943
57328 51943
57329 51943
57330 51943
57331 51943
57332 51943
57333 51943
57334 51943
57335 51943
57336 51943
57337 51943
57338 51943
57339 51943
57342 52509
57344 53001 
57345 53001
57346 52509 
57347 53001
57348 53001 
57349 53001 
57350 53001
57351 53001
57352 53001
57353 53001 
57354 53001 
57355 53001
57356 53001
57357 53001
57358 53001
57359 53001
57360 53001 
57361 53001 
57382 53001 
57383 53001
57384 53001
57385 53001 
57386 53001
57387 53001 
57388 53001
57389 53001
57390 53001
57391 53001 
57392 53001
57394 53001
57395 53001
57396 53001
57397 53001
57398 53001
57399 53001
57400 53001
57401 53001
57402 53001
57403 53001
57404 53001
57405 53001
57406 53001
57407 53001 
57410 51943
57411 51943
57412 51943 
57413 51943
57414 51943
57415 51943
57416 51943
57417 51943
57418 51943
57419 51943
57420 51943
57421 51943
57422 51943
57423 51943
57424 51943
57425 51943
57426 51943
57427 51943
57428 51943
57429 51943
57430 51943
57431 51943
57432 51943
57433 51943
57434 51943
57435 51943
57436 51943
57437 51943
57438 51943
57439 51943
57440 51943
57441 51943
57442 51943
57447 52509
57448 52509
57449 53001 
57450 52509 
57451 53001 
57452 53001
57453 53001
57455 53001
57456 53001 
57457 53001 
57458 53001 
57459 53001 
57461 53001
57462 53001 
57463 53001
57464 53001
57465 53001 
57484 53001 
57485 53001 
57486 53001 
57487 53001
57488 53001 
57489 53001
57490 53001
57491 53001
57492 53001
57493 53001
57494 53001
57495 53001
57496 53001
57498 53001
57499 53001
57500 53001
57501 53001
57502 53001
57503 53001
57504 53001
57505 53001
57506 53001
57507 53001
57508 53001
57509 53001
57510 53001 
57511 53001 
57512 53001 
57513 53001
57514 53001 
57515 53001 
57517 51943
57518 51943
57519 51943
57520 51943
57521 51943
57522 51943
57523 51943
57524 51943
57525 51943
57526 51943
57527 51943
57528 51943
57529 51943
57530 51943
57531 51943
57532 51943
57533 51943
57534 51943
57535 51943
57536 51943
57537 51943
57538 51943
57539 51943
57540 51943
57541 51943
57542 51943
57543 51943
57544 51943
57545 51943
57546 51943
57547 51943
57551 52509 
57552 52509
57553 52509
57554 53001
57555 53001
57556 53001 
57557 52509 
57558 53001
57559 53001 
57560 53001
57561 53001 
57562 53001
57563 53001 
57564 53001
57565 53001
57566 53001
57567 53001
57568 53001
57569 53001 
57570 53001 
57591 53001 
57592 53001 
57593 53001 
57594 53001
57595 53001 
57596 53001 
57597 53001
57598 53001
57599 53001
57600 53001
57601 53001
57602 53001 
57603 53001 
57604 53001
57608 53001
57610 53001
57611 53001
57612 53001
57613 53001 
57614 53001 
57618 53001 
57619 51943
57620 51943
57621 51943
57622 51943
57623 51943
57624 51943
57625 51943
57626 51943
57627 51943
57628 51943
57629 51943
57630 51943
57631 51943
57632 51943
57633 51943
57634 51943
57635 51943
57636 51943
57637 51943
57638 51943
57639 51943
57640 51943
57641 51943
57642 51943
57643 51943
57644 51943
57645 51943
57646 51943
57647 51943
57648 51943
57649 51943
57650 51943
57651 51943
57652 51943
57653 52509
57654 52509
57655 53001 
57656 53001
57657 53001 
57658 53001
57659 53001
57660 53001 
57661 52509 
57662 53001
57663 53001 
57664 53001 
57665 53001 
57666 53001
57667 53001 
57668 53001
57669 53001
57670 53001
57671 53001 
57672 53001
57673 53001 
57674 53001 
57675 53001 
57687 62198 
57699 53001 
57700 53001 
57701 53001 
57702 53001 
57703 53001 
57704 53001
57705 53001 
57706 53001 
57707 53001 
57708 53001
57709 53001 
57710 53001
57711 53001 
57712 53001 
57713 53001 
57715 53001 
57716 53001
57717 53001
57718 53001
57719 53001
57720 53001
57721 53001
57722 53001 
57723 53001
57724 53001 
57727 51943 
57731 51943
57732 51943
57733 51943
57734 51943
57735 51943
57736 51943
57737 51943
57738 51943
57739 51943
57740 51943
57741 51943
57742 51943
57743 51943
57744 51943
57745 51943
57746 51943
57747 51943
57748 51943
57749 51943
57750 51943
57751 51943
57752 51943
57753 51943
57754 51943
57755 51943
57756 51943
57757 51943
57758 51943
57759 51943
57760 51943
57762 52509 
57763 52509
57764 53001 
57765 53001 
57766 53001 
57767 53001
57768 53001 
57769 53001
57770 53001
57772 53001 
57773 53001
57774 53001
57775 53001
57776 53001
57777 53001
57778 53001 
57779 53001
57780 53001
57781 53001 
57782 53001 
57792 62195 
57795 62198 
57822 53001 
57823 53001 
57824 53001
57825 53001
57826 53001
57829 53001
57830 53001 
57831 53001
57832 53001
57834 53001 
57835 53001
57836 53001
57837 53001
57838 53001
57839 53001 
57844 53001
57845 53001
57848 51943
57849 51943
57851 51943
57852 51943
57853 51943
57854 51943
57855 51943
57856 51943
57857 51943
57858 51943
57859 51943
57860 51943
57861 51943
57862 51943
57863 51943
57864 51943
57865 51943
57866 51943
57867 51943
57868 51943
57869 51943
57870 51943
57871 51943
57872 51943
57873 51943
57874 51943
57875 51943
57876 51943
57877 51943
57878 51943
57879 51943
57883 52509
57884 52509 
57885 53001 
57886 53001 
57887 52509
57888 52509 53001 
57889 53001 
57890 53001 
57891 53001
57892 52509 
57893 53001 
57894 53001 
57895 52509 
57896 53001
57897 53001 
57899 53001
57900 53001
57901 53001 
57902 53001 
57903 53001 
57911 62198 
57914 62198 
57917 62136 
57941 53001 
57942 53001 
57943 53001
57944 53001
57945 53001 
57946 53001
57947 53001
57948 53001 
57950 53001
57951 53001
57953 53001
57954 53001
57956 53001
57958 53001
57959 53001 
57960 53001
57961 53001
57963 53001
57965 53001
57966 53001 
57967 53001 
57968 53001 
57970 51943 
57971 51943
57972 51943
57973 51943
57974 51943
57975 51943
57976 51943
57977 51943
57978 51943
57979 51943
57980 51943
57981 51943
57982 51943
57983 51943
57984 51943
57985 51943
57986 51943
57987 51943
57988 51943
57989 51943
57990 51943
57991 51943
57992 51943
57993 51943
57994 51943
57995 51943
57996 51943
57997 51943
57998 51943
57999 51943
58000 51943
58001 51943
58002 51943
58004 52509 53001 
58005 52509
58006 52509
58007 52509
58008 52509 53001 
58009 53001
58010 52509
58011 53001
58012 52509 
58013 53001
58014 53001 
58015 53001
58016 53001
58018 53001 
58019 53001 
58021 53001
58022 53001
58023 53001
58024 53001 
58025 53001 
58026 53001
58027 53001 
58028 53001 
58035 62195 
58038 62198 
58042 62136 
58043 62136 
58044 62136 
58067 53001 
58068 53001
58069 53001
58070 53001
58071 53001
58072 53001 
58073 53001
58074 53001
58075 53001
58076 53001 
58077 53001 
58078 53001
58079 53001
58081 53001 
58082 53001
58083 53001
58084 53001
58085 53001
58087 53001
58088 53001
58089 53001
58090 53001
58091 53001
58092 53001
58093 53001 
58094 53001 
58096 51943
58097 51943 
58098 51943
58099 51943
58100 51943
58101 51943
58102 51943
58103 51943
58104 51943
58105 51943
58106 51943
58107 51943
58108 51943
58109 51943
58110 51943
58111 51943
58112 51943
58113 51943
58114 51943
58115 51943
58116 51943
58117 51943
58118 51943
58119 51943
58120 51943
58121 51943
58122 51943
58123 51943
58124 51943
58125 51943
58126 51943 
58129 52509 
58132 52509
58133 52509 
58134 52509
58135 53001
58136 53001
58137 53001
58138 52509 
58139 53001 
58140 53001
58141 53001 
58144 53001 
58145 53001
58146 53001
58147 53001 
58148 53001 
58149 53001 
58155 62198 
58157 62198 
58158 62195 
58161 62136 
58183 53001 
58184 53001
58185 53001 
58186 53001 
58187 53001
58188 53001 
58191 53001 
58192 53001
58193 53001
58194 53001
58195 53001
58196 53001
58198 53001 
58199 53001 
58201 53001
58202 53001 
58203 53001
58205 53001
58206 53001
58210 51943
58211 51943 
58212 51943
58214 51943
58215 51943
58216 51943
58217 51943
58218 51943
58219 51943
58220 51943
58221 51943
58222 51943
58223 51943
58224 51943
58225 51943
58226 51943
58227 51943
58228 51943
58229 51943
58230 51943
58231 51943
58232 51943
58233 51943
58234 51943
58235 51943
58236 51943
58237 51943
58238 51943
58239 51943
58240 51943
58242 52509 
58244 53001 
58245 52509
58246 52509
58247 53001 
58248 52509 53001 
58249 52509
58250 52509
58252 53001
58253 53001 
58255 53001
58256 53001
58258 53001 
58259 53001
58260 53001
58261 53001 
58262 53001
58263 53001 
58264 53001 
58265 53001 
58266 53001 
58276 62195 
58277 62195 
58278 62198 
58279 62198 
58281 62198 
58282 62195 
58283 62198 
58301 53001 
58302 53001
58303 53001 
58304 53001
58305 53001
58306 53001
58307 53001
58308 53001 
58313 53001
58314 53001
58315 53001 
58316 53001 
58317 53001 
58319 53001
58320 53001 
58321 53001
58322 53001
58323 53001
58324 53001
58325 53001
58326 53001 
58327 53001
58331 51943
58334 51943
58335 51943
58336 51943
58337 51943
58338 51943
58339 51943
58340 51943
58341 51943
58342 51943
58343 51943
58344 51943
58345 51943
58346 51943
58347 51943
58348 51943
58349 51943
58350 51943
58351 51943
58352 51943
58353 51943
58354 51943
58355 51943
58356 51943
58357 51943
58358 51943
58359 51943
58360 51943
58361 51943
58364 52509
58365 53001 
58366 53001 
58367 53001 
58368 52509
58369 53001
58371 52509
58372 53001
58373 53001 
58374 53001
58375 53001
58376 53001 
58377 53001 
58378 53001 
58379 53001 
58380 53001 
58381 53001 
58382 53001 
58398 62198 
58399 62198 
58400 62198 
58401 62195 
58402 62198 
58413 53001 
58414 53001 
58415 53001
58416 53001 
58417 53001 
58418 53001 
58419 53001
58423 53001
58424 53001
58425 53001
58426 53001 
58427 53001
58428 53001 
58429 53001
58430 53001
58431 53001
58432 53001 
58433 53001
58434 53001 
58435 53001
58436 53001 
58437 53001
58438 53001 
58439 53001 
58440 53001 
58444 51943
58445 51943
58446 51943
58447 51943
58448 51943
58449 51943
58450 51943
58451 51943
58452 51943
58453 51943
58454 51943
58455 51943
58456 51943
58457 51943
58458 51943
58459 51943
58460 51943
58461 51943
58462 51943
58463 51943
58464 51943
58465 51943
58466 51943
58467 51943
58468 51943
58469 51943
58470 51943
58473 51943
58474 51943 
58475 52509
58476 52509
58477 52509
58478 52509
58479 53001
58480 53001 
58481 53001
58482 53001 
58483 53001 
58484 53001 
58485 53001 
58486 53001 
58487 53001
58488 53001 
58489 53001
58490 53001 
58497 62136 
58498 62136 
58499 62136
58500 62136
58503 62198
58504 62195 
58505 62195 
58507 62195 
58530 53001 
58531 53001 
58532 53001
58533 53001 
58534 53001 
58535 53001 
58536 53001 
58537 53001 
58538 53001 
58541 53001
58542 53001 
58543 53001
58545 53001
58546 53001 
58547 53001
58548 53001
58549 53001
58550 53001
58551 53001
58555 53001
58556 53001
58557 53001
58558 53001 
58560 51943 
58561 51943 
58562 51943
58563 51943
58564 51943
58565 51943
58566 51943
58567 51943
58568 51943
58569 51943
58570 51943
58571 51943
58572 51943
58573 51943
58574 51943
58575 51943
58576 51943
58577 51943
58578 51943
58579 51943
58580 51943
58581 51943
58582 51943
58583 51943
58584 51943
58585 51943
58586 51943
58587 51943
58588 51943
58591 51943
58592 52509 
58593 53001 
58594 52509
58595 53001
58596 52509
58597 52509 
58598 52509
58599 53001 
58600 52509
58601 53001 
58602 53001
58603 53001 
58604 53001
58605 53001
58606 53001
58607 52509 
58608 53001
58609 53001 
58610 53001
58611 53001
58612 53001 
58613 53001 
58618 62136 
58619 62136 
58620 62136 
58621 62136
58622 62136
58625 62198 
58627 62195 
58648 53001 
58649 53001
58650 53001 
58651 53001 
58652 53001 
58653 53001 
58654 53001 
58658 53001 
58659 53001
58660 53001
58661 53001 
58662 53001
58663 53001
58664 53001
58665 53001
58666 53001
58667 53001
58668 53001
58670 53001
58671 53001
58672 53001 
58675 53001 
58676 53001 
58681 51943
58682 51943
58683 51943
58684 51943
58685 51943
58686 51943
58687 51943
58688 51943
58689 51943
58690 51943
58691 51943
58692 51943
58693 51943
58694 51943
58695 51943
58696 51943
58697 51943
58698 51943
58699 51943
58700 51943
58701 51943
58702 51943
58703 51943
58704 51943
58706 51943
58710 52509
58712 52509
58713 52509 
58714 53001 
58717 52509 
58718 52509 
58719 53001
58720 53001 
58721 53001 
58722 53001
58723 53001
58725 53001 
58726 53001 
58727 53001
58728 53001
58729 53001 
58730 53001 
58731 53001 
58737 62198 
58740 62136 
58741 62136 
58742 62136 
58743 62136 
58744 62136
58747 62198 
58749 62198 
58771 53001 
58772 53001 
58773 53001
58774 53001 
58775 53001 
58776 53001
58777 53001 
58778 53001 
58779 53001
58780 53001 
58781 53001
58782 53001
58783 53001
58784 53001 
58785 53001
58786 53001 
58787 53001
58788 53001
58789 53001
58790 53001
58791 53001
58792 53001 
58793 53001
58794 53001 
58796 53001 
58797 53001 
58798 53001 
58800 51943 
58803 51943
58804 51943
58805 51943
58806 51943
58807 51943
58808 51943
58809 51943
58810 51943
58811 51943
58812 51943
58813 51943
58814 51943
58815 51943
58816 51943
58817 51943
58818 51943
58819 51943
58820 51943
58821 51943
58822 51943
58823 51943
58824 51943
58825 51943
58826 51943
58827 51943 
58828 51943
58829 52509 
58832 53001
58833 52509 53001 
58834 53001
58835 53001 
58837 52509
58839 53001 
58840 52509 
58841 53001
58842 53001 
58843 53001 
58844 53001 
58845 53001 
58846 53001
58848 53001
58849 53001
58850 53001 
58859 62136 
58860 62136 
58861 62136 
58862 62136 
58863 62136 
58865 62195
58866 62198 
58884 53001 
58885 53001 
58886 53001 
58887 53001 
58888 53001 
58889 53001 
58890 53001 
58891 53001 
58892 53001 
58893 53001 
58894 53001 
58895 53001
58896 53001
58898 53001
58899 53001
58900 53001 
58901 53001
58902 53001
58903 53001
58904 53001
58905 53001
58906 53001 
58907 53001
58909 53001
58911 53001 
58915 51943
58918 51943
58919 51943
58920 51943
58921 51943
58922 51943
58923 51943
58924 51943
58925 51943
58926 51943
58927 51943
58928 51943
58929 51943
58930 51943
58931 51943
58932 51943
58933 51943
58934 51943
58935 51943
58936 51943
58937 51943
58938 51943
58939 51943
58943 52509
58944 53001 
58948 53001 
58949 53001
58950 52509 
58951 52509
58952 52509 
58953 53001 
58954 53001 
58955 53001 
58956 53001 
58957 53001 
58959 53001 
58960 53001
58962 53001
58963 53001 
58964 53001 
58966 53001 
58967 53001 
58978 62136 
58982 62195 
59004 53001 
59005 53001 
59006 53001
59007 53001 
59008 53001
59009 53001
59010 53001 
59013 53001 
59014 53001 
59016 53001
59018 53001
59019 53001
59020 53001 
59021 53001
59023 53001
59024 53001
59025 53001 
59026 53001 
59028 53001 
59029 53001 
59030 53001 
59035 51943
59036 51943 
59037 51943
59038 51943
59039 51943
59041 51943
59042 51943
59043 51943
59044 51943
59045 51943
59046 51943
59047 51943
59048 51943
59049 51943
59050 51943
59051 51943
59052 51943
59053 51943
59054 51943
59055 51943
59056 51943
59059 52509 
59063 52509 
59065 52509 
59066 53001 
59067 53001 
59068 52509
59069 53001 
59070 53001 
59071 52509 
59072 53001
59073 53001 
59074 53001 
59075 53001 
59076 53001
59077 53001
59079 53001 
59080 53001 
59081 53001 
59082 53001 
59087 62195 
59094 62195 
59110 53001 
59111 53001 
59112 53001
59113 53001 
59114 53001 
59115 53001 
59116 53001 
59118 53001 
59119 53001 
59120 53001
59122 53001
59123 53001
59124 53001
59125 53001
59126 53001
59127 53001
59128 53001
59129 53001 
59130 53001 
59135 53001
59136 51943
59137 51943
59138 51943
59139 51943
59140 51943
59141 51943
59142 51943
59143 51943
59144 51943
59145 51943
59146 51943
59147 51943
59148 51943
59149 51943
59150 51943
59151 51943
59152 51943
59153 51943
59154 51943
59155 51943
59156 51943
59157 51943
59158 51943
59159 51943
59160 51943
59165 51943
59166 52509 
59167 52509 
59170 52509 
59172 52509 
59173 53001 
59174 52509 
59175 53001 
59177 53001
59178 53001 
59179 53001 
59180 53001
59181 53001 
59182 53001
59183 53001 
59184 53001 
59185 53001 
59193 62198 
59198 62198 
59199 62198 
59200 62195 
59202 62195 
59203 62195 
59229 53001 
59230 53001
59231 53001 
59232 53001 
59235 53001 
59236 53001 
59237 53001 
59241 53001
59243 53001
59244 53001
59246 53001
59247 53001
59248 53001
59251 53001 
59252 53001
59255 51943
59256 51943
59257 51943
59258 51943
59259 51943
59260 51943
59261 51943
59262 51943
59263 51943
59264 51943
59265 51943
59266 51943
59267 51943 
59268 51943
59269 51943 
59271 51943
59272 51943
59273 51943
59274 51943
59275 51943 
59276 52509 
59279 51943 
59285 53001 
59287 53001 
59288 53001 
59289 53001 
59290 53001 
59291 53001 
59292 53001 
59293 53001
59294 53001 
59295 53001 
59296 53001
59297 53001 
59298 53001
59299 53001 
59300 53001
59301 53001 
59303 53001 
59311 62195 
59313 62198 
59314 62195 
59315 62195 
59318 62195 
59344 53001 
59345 53001 
59346 53001 
59347 53001 
59348 53001 
59349 53001 
59350 53001 
59351 53001 
59353 53001 
59354 53001
59355 53001 
59356 53001
59359 53001
59360 53001
59361 53001
59362 53001
59366 53001
59368 51943
59369 51943
59370 51943
59371 51943
59372 51943
59373 51943
59374 51943
59375 51943
59376 51943
59377 51943
59378 51943
59379 51943
59380 53001 
59385 53001 
59386 51943
59400 53001 
59401 52509 
59402 53001 
59403 53001 
59404 53001 
59406 52509 
59408 53001
59409 53001
59410 53001
59411 53001 
59412 53001 
59413 53001 
59414 53001
59415 53001
59416 53001 
59418 53001
59419 53001 
59421 53001 
59424 62195 
59426 62195 
59456 53001 
59457 53001 
59458 53001 
59459 53001 
59460 53001 
59461 53001 
59462 53001 
59463 53001 
59466 53001
59467 53001 
59468 53001
59469 53001
59471 49656 
59472 53001
59475 53001
59476 53001
59479 51943
59480 51943
59481 51943
59482 51943
59483 51943
59484 51943
59487 51943
59488 53001
59489 53001 
59494 51943
59498 53001 
59499 53001 
59502 53001 
59503 53001 
59504 52509 
59508 51943
59509 51943
59513 52509 
59514 52509 
59515 53001 
59516 52509 
59517 53001
59518 53001 
59519 53001
59520 53001
59521 53001 
59522 53001
59523 53001 
59525 53001 
59526 53001 
59527 53001
59528 53001 
59531 62195 
59540 22360
59563 53001 
59564 53001 
59566 53001 
59567 53001 
59568 53001 
59569 53001 
59570 53001 
59571 53001 
59573 53001 
59574 53001 
59575 53001
59576 53001
59577 53001
59578 53001 
59579 53001 
59583 51943
59584 51943
59586 53001
59591 53001 
59593 53001
59594 53001 
59598 53001
59600 51943
59603 53001 
59604 53001 
59605 53001 
59607 53001 
59608 51943
59612 53001 
59613 53001 
59614 51943 
59619 53001 
59620 53001
59621 52509 
59622 53001 
59623 53001 
59626 53001 
59627 53001 
59628 53001
59629 53001 
59630 53001
59631 53001 
59632 53001
59633 53001 
59634 53001 
59635 53001 
59639 62195 
59678 53001
59681 53001 
59682 53001 
59683 53001 
59684 53001
59685 53001
59687 53001
59688 53001
59689 53001
59691 51943 
59696 53001
59699 53001
59700 53001
59701 53001 
59702 53001 
59703 53001 
59706 53001 
59708 53001 
59709 53001
59712 53001
59714 53001 
59715 53001 
59716 53001
59719 53001 
59720 53001 
59721 53001 
59724 52509 
59725 53001 
59726 52509 
59728 53001 
59729 52509 
59730 52509 
59731 53001 
59732 53001 
59733 52509 
59734 53001 
59736 53001 
59737 53001
59738 53001
59739 53001
59740 53001
59741 53001
59742 53001 
59743 53001
59746 53001 
59780 22360 
59781 22360
59808 53001 
59809 53001 
59810 53001 
59812 53001 
59813 53001 
59814 53001 
59815 53001 
59816 53001 
59817 53001 
59819 53001
59823 51943 
59826 49656 
59827 53001 
59828 49656 
59829 53001 
59831 53001
59832 49656 
59833 53001
59834 53001
59835 53001 
59836 53001 
59837 53001 
59838 53001 
59839 53001 
59841 51036 53001 
59843 51943
59844 53001 
59846 53001
59848 51036 
59849 53001 
59853 53001 
59855 53001 
59856 53001 
59857 53001 
59858 53001 
59861 53001 
59864 53001 
59865 52509 
59866 53001
59867 53001 
59868 53001 
59869 53001 
59870 53001 
59871 53001
59872 53001
59873 53001 
59874 53001 
59875 53001 
59876 53001 
59877 53001 
59878 53001 
59903 22360
59904 22360
59905 22360
59906 22360
59907 22360
59908 22360
59929 53001 
59931 53001
59933 53001 
59934 53001 
59935 53001 
59936 53001 
59941 51943 
59944 53001
59946 53001
59947 53001
59948 49656 
59949 53001
59950 53001 
59951 53001 
59952 49656 
59953 53001 
59954 53001 
59955 53001 
59956 53001 
59958 53001
59959 53001
59960 53001
59967 53001 
59970 53001 
59975 53001 
59982 53001
59983 53001 
59984 53001
59985 53001 
59987 53001
59988 53001
59989 53001
59990 53001 
59991 53001
59992 53001 
59994 53001
59995 53001 
59997 53001 
59998 53001 
60004 4909 
60005 4909 
60012 22360
60013 22360
60014 22360
60015 22360
60016 22360
60017 22360
60018 22360
60019 22360
60020 22360
60021 22360
60032 53001 
60034 53001 
60035 53001
60036 53001 
60037 53001 
60038 53001 
60039 53001 
60040 53001 
60046 53001 
60047 53001
60048 53001 
60051 51943 
60053 53001
60054 53001 
60055 53001 
60056 53001
60057 53001 
60058 53001 
60059 53001 
60060 53001 
60061 53001 
60064 51036 53001 
60065 51036 53001 
60066 53001 
60068 53001
60069 53001 
60070 53001
60072 53001
60074 53001
60075 53001
60076 53001 
60077 53001 
60078 53001 
60079 53001 
60080 53001 
60082 53001 
60087 53001
60088 53001
60089 53001
60091 53001
60092 53001 
60093 53001
60094 53001
60095 53001 
60096 53001
60097 53001
60098 53001
60099 53001 
60102 4909 
60103 4909 
60116 22360
60117 22360
60118 22360
60119 22360
60120 22360
60121 22360
60122 22360
60123 22360
60124 22360
60137 53001
60138 53001 
60139 53001 
60141 53001 
60144 53001 
60147 53001 
60148 53001
60149 53001
60150 53001 
60151 53001 
60152 53001 
60153 53001
60154 53001 
60155 53001 
60156 53001 
60157 53001 
60158 53001
60160 53001 49656 
60161 53001
60162 53001 49656 
60163 53001
60164 53001
60165 53001
60166 53001 
60167 53001 
60168 53001 
60169 53001
60170 53001 
60171 53001
60172 53001
60173 53001
60174 53001 
60177 53001
60179 53001
60180 51036 
60181 51036 
60182 53001 
60183 53001 
60184 53001 
60185 53001 
60187 53001 
60188 53001 
60189 53001 
60190 53001
60191 53001 
60193 53001 
60194 53001 
60195 53001
60196 53001
60197 53001
60198 53001
60199 53001
60200 53001
60201 53001 
60202 53001 
60203 53001 
60204 53001
60214 4909 
60219 4811 
60223 4909 
60247 22360
60248 22360
60249 22360
60250 22360
60251 22360
60252 22360
60253 22360
60254 22360
60255 22360
60267 53001 
60268 53001 
60269 53001
60270 53001 
60271 53001
60273 53001 
60274 53001 
60275 53001
60276 53001 
60278 53001
60280 49656 
60282 53001
60283 53001 
60284 53001
60285 53001 
60286 53001 
60287 53001 
60288 49656
60289 53001 
60290 53001
60293 53001 
60294 53001 
60296 53001
60298 53001
60299 53001
60300 51036 53001 
60301 53001 
60304 53001
60305 53001
60306 53001
60307 53001
60308 53001 
60309 51036 
60310 53001 
60311 53001
60312 53001
60313 53001 
60314 51036 
60315 53001 
60316 53001 
60317 53001 
60318 53001 
60319 53001 
60320 53001 
60321 53001 
60322 53001
60323 53001 
60324 53001
60325 53001
60326 53001
60327 53001
60328 53001
60329 53001
60330 53001 
60331 53001 
60332 53001 
60333 53001 
60334 53001
60335 53001 
60336 53001 
60337 53001 
60338 53001 
60339 53001 
60351 4909 
60352 4909 
60357 4909 
60358 4909 
60386 22360 
60387 22360
60388 22360
60389 22360
60390 22360
60391 22360
60392 22360
60393 22360
60394 22360
60404 53001 
60405 53001 
60406 53001 
60413 53001 
60414 53001 
60415 53001 
60416 53001 
60417 49656 
60418 53001 
60419 53001
60420 53001
60421 49656 
60422 53001
60423 53001
60424 53001
60425 49656 
60426 53001 49656 
60427 53001 
60428 53001 
60429 53001
60430 53001 
60431 53001 
60432 53001
60435 51943
60436 51943 
60438 51943 
60439 51943 
60440 53001 
60441 53001 
60443 51036 
60444 53001 
60445 53001 
60446 51036 
60448 51036 
60449 53001 
60450 53001 
60451 53001 
60453 53001 
60454 53001 
60456 53001 
60457 53001 
60458 53001 
60459 53001
60461 53001
60462 53001
60463 53001
60464 53001
60465 53001
60466 53001
60467 53001 
60468 53001
60469 53001
60470 53001 
60471 53001
60472 53001
60473 53001 
60476 4811 
60478 4811 
60479 4811 
60480 4811 
60486 4909
60487 4811 
60491 4909 
60506 22360
60507 22360
60508 22360
60509 22360
60510 22360
60511 22360
60512 22360
60513 22360
60521 53001 
60522 53001
60528 53001 
60529 53001 
60533 53001
60534 53001 
60535 53001 
60536 53001 
60538 53001 49656 
60539 53001 
60540 53001 
60541 53001 
60542 53001
60543 53001
60544 53001 
60545 53001
60547 53001 
60548 53001
60549 51943 
60550 51943 
60551 51943 
60552 51943 
60555 53001
60556 53001 
60557 53001
60558 53001
60559 53001
60560 53001
60561 53001
60562 53001 
60563 53001 
60564 51036 
60565 51036 53001 
60566 53001 
60567 53001
60568 53001 
60569 53001
60571 53001
60572 53001
60573 53001
60574 53001
60575 53001
60576 53001
60579 53001
60580 53001
60581 53001
60582 53001
60583 53001
60584 53001
60585 53001
60586 53001 
60598 4909 
60613 22360
60614 22360
60615 22360
60616 22360
60617 22360
60618 22360
60619 22360
60620 22360
60632 53001 
60633 53001 
60634 53001
60635 53001
60636 53001 
60637 53001
60638 53001
60639 53001 
60641 53001
60642 53001 49656 
60643 53001 
60644 53001 
60645 53001 
60646 53001 
60647 53001 
60648 53001 
60649 53001
60650 53001 
60651 53001
60652 53001
60653 53001
60657 51943 
60658 51943 
60659 51943 
60661 51036 53001 
60662 53001
60663 53001
60664 51036 53001 
60665 53001 
60667 53001
60668 53001 
60669 53001 
60670 51036
60671 53001
60672 53001 
60673 53001 
60674 53001 
60676 51036 
60677 53001 
60678 53001 
60680 53001
60681 53001
60682 53001 
60683 53001
60684 53001
60685 53001
60686 53001
60687 53001
60688 53001
60689 53001
60691 53001 
60692 53001 
60693 53001
60713 4909 
60714 4909 
60719 4909 
60730 22360
60731 22360
60732 22360
60733 22360
60734 22360
60735 22360
60736 22360
60756 53001 
60757 53001 
60758 53001
60759 53001
60760 49656 
60761 53001 
60762 53001 
60763 53001 
60764 53001
60765 53001
60766 53001 
60767 49656 
60768 53001 
60769 53001 
60770 53001 
60771 53001 
60772 53001 
60773 53001 
60774 53001
60775 53001 
60776 53001 
60778 53001 
60779 51036 53001 
60780 53001
60781 53001
60782 53001 
60783 53001
60784 53001 
60785 53001 
60786 53001 
60787 53001
60788 53001
60789 53001
60790 53001
60791 53001
60792 53001
60793 53001
60794 53001 
60795 53001
60796 53001
60797 53001 
60798 53001
60799 53001
60800 53001 
60801 53001
60802 53001
60803 53001
60804 53001
60805 53001
60806 53001 
60807 53001 
60809 53001 
60810 53001 
60831 4909
60832 4811 
60836 4811 
60849 22360
60850 22360
60851 22360
60852 22360
60855 22360
60863 53001 
60864 53001 
60866 53001 
60867 53001
60868 53001
60869 53001 
60871 53001 
60872 53001
60873 53001 
60874 49656 
60875 53001 
60876 53001
60877 53001 
60878 53001 
60879 53001 
60880 53001 
60881 53001 
60882 53001 
60883 53001 
60884 53001 
60885 53001 
60886 53001
60887 53001 
60891 53001 
60892 51036 53001 
60893 53001
60894 53001 
60896 53001 
60897 53001 
60898 53001
60899 53001 
60900 53001
60901 53001
60902 53001
60903 53001 
60904 53001
60905 53001
60906 53001
60907 53001
60908 53001
60909 53001
60911 53001
60912 53001
60913 53001
60914 53001
60915 53001
60916 53001 
60917 53001 
60918 53001 
60919 53001 
60920 53001 
60927 4909 
60935 4811 
60936 4811 4909 
60937 4811 
60942 4909 
60968 53001 
60971 53001 
60973 53001 
60975 53001 
60976 53001 
60978 53001 
60979 53001
60980 53001
60981 53001 
60982 53001 
60984 49656 
60985 53001
60986 53001
60987 53001 
60988 53001 
60991 53001 
60992 53001
60993 53001
60994 53001 
60995 53001
60996 53001
60997 53001 
60998 53001
60999 53001
61000 53001 
61001 53001
61002 53001 
61003 53001 
61004 53001 
61005 53001 
61006 53001
61007 53001
61008 53001
61009 53001
61010 53001
61011 53001
61012 53001
61013 53001
61014 53001
61015 53001
61016 53001 
61018 53001
61019 53001
61020 53001 
61022 53001
61023 53001 
61024 53001 
61036 4811 
61037 4909 
61039 4909
61040 4909
61041 4909 
61044 4909 
61045 4909 
61083 53001 
61086 53001
61087 53001
61088 53001 
61089 53001 
61090 53001 
61091 49656 
61092 49656 
61093 53001 
61094 53001
61096 49656 
61097 53001 
61098 53001 
61099 53001 
61100 49656 
61102 53001 
61103 53001
61107 53001 
61108 53001
61109 51036 53001 
61110 53001 
61111 53001
61112 53001
61114 53001
61115 53001
61116 53001
61117 53001
61118 53001
61119 53001
61120 51036 
61121 53001 
61122 53001
61123 53001
61125 53001
61126 53001
61127 53001
61128 53001 
61129 53001 
61130 53001 
61131 53001 
61139 4811 
61140 4811
61141 4811 
61143 4811
61144 4909
61145 4811 
61146 4811 
61151 4811 
61190 53001 
61191 53001 
61192 53001
61193 53001 
61194 53001 
61195 53001 
61196 53001
61197 53001 
61198 53001 
61199 53001 
61200 53001 
61201 53001 
61202 53001 
61204 49656 
61206 53001
61207 53001 
61208 53001 
61209 53001 
61210 53001 
61211 53001
61212 53001
61213 53001
61214 53001 
61215 53001
61216 53001
61217 53001
61218 53001 
61219 53001
61220 53001
61221 53001 
61223 53001
61224 53001 
61225 51036 
61226 53001
61227 53001
61228 53001
61229 53001
61230 53001
61231 53001
61232 53001
61233 53001
61234 53001
61236 53001 
61237 53001 
61246 4811 
61247 4811
61248 4811 
61250 4811 
61252 4811 4909 
61253 4909
61254 4811 
61255 4909
61293 53001 
61294 53001 
61295 53001 
61296 53001 
61298 53001 
61299 53001 
61300 53001 
61301 53001 
61302 53001
61303 53001 
61304 53001 
61305 53001
61306 53001 
61307 53001 
61308 53001 
61309 53001 
61310 53001 
61311 53001 
61312 53001
61313 53001
61314 53001
61315 53001
61316 53001
61317 53001 
61318 53001
61319 53001
61320 53001
61321 53001 
61322 53001
61323 53001
61324 53001
61325 53001
61326 53001
61327 53001
61328 53001 
61335 4811 
61336 4811 
61337 4811 
61338 4811 4909 
61339 4909 
61340 4909 
61341 4909 
61342 4909
61343 4811
61344 4811
61346 4811
61347 4909
61369 53001 
61370 53001
61371 53001 
61372 53001 
61373 53001 
61374 53001 
61375 53001
61376 53001
61377 53001 
61378 53001 
61379 53001
61380 53001
61381 53001
61382 53001 
61383 53001
61384 53001
61385 53001
61386 53001 
61387 53001
61388 53001 
61389 53001 
61390 53001 
61391 53001
61392 53001
61394 53001
61395 53001
61396 53001
61397 53001 
61398 53001 
61409 4811 
61410 4909 
61413 4811 4909 
61414 4811
61415 4909 
61416 4811 
61418 4811
61419 4909 
61420 4811 
61421 4811 
61423 4909 
61448 53001 
61449 53001 
61450 53001 
61451 53001 
61452 53001 
61453 53001
61454 53001 
61455 53001
61456 53001
61457 53001
61458 53001
61459 53001 
61460 53001
61461 53001
61463 51036 
61465 53001
61466 51036 
61468 53001
61469 53001 
61471 53001
61472 53001
61473 53001
61474 53001 
61475 53001 
61476 53001
61477 53001 
61478 53001
61479 53001 
61480 53001 
61481 53001 
61482 53001 
61483 53001 
61492 4909 
61495 4811
61496 4811
61497 4811 4909 
61499 4811 
61500 4811 
61501 4909
61502 4909 
61504 4909 
61532 53001 
61533 53001 
61535 53001 
61538 53001 
61540 53001 
61541 53001
61545 53001 
61546 53001 
61547 53001 
61548 53001 
61549 53001
61550 51036 
61552 53001 
61553 53001
61554 53001
61555 53001
61556 53001
61557 53001 
61559 53001 
61560 53001
61561 53001
61562 53001 
61563 53001 
61577 4811 
61584 4811
61585 4811 
61587 4811 
61588 4909 
61589 4909
61619 53001 
61620 53001 
61621 53001 
61622 53001 
61623 53001 
61624 53001 
61625 53001 
61626 53001
61627 53001 
61629 53001
61630 53001
61631 53001
61632 53001
61633 53001
61634 53001 
61635 53001
61636 53001
61637 53001 
61638 53001
61639 53001 
61640 53001
61641 53001
61642 53001
61643 53001 
61644 53001 
61645 53001
61646 53001 
61647 53001 
61648 53001
61649 53001 
61650 53001 
61651 53001 
61659 4811 
61670 4811 
61671 4811
61672 4909
61673 4909 
61674 4909 
61698 53001 
61699 53001 
61700 53001 
61701 53001 
61702 53001 
61703 53001
61704 53001 
61705 53001
61706 53001
61707 53001
61708 53001
61709 53001
61710 53001
61711 53001
61712 53001
61714 53001 
61715 53001
61716 53001
61717 53001
61718 53001
61719 53001
61720 53001 
61721 53001 
61722 53001
61723 53001
61731 4811 
61732 4811 
61735 4811 
61744 4811 
61745 4909
61746 4811 
61747 4811 
61762 53001 
61763 53001 
61764 53001
61765 53001
61766 53001 
61767 53001
61769 53001 
61770 53001 
61771 53001
61772 53001 
61773 53001 
61774 53001
61775 53001
61776 53001 
61777 53001
61778 53001 
61779 53001
61780 53001 
61790 4909 
61797 4811 4909 
61798 4909 
61799 4909 
61800 4909
61801 4909 
61820 53001
61821 53001 
61822 53001
61823 53001 
61824 53001
61825 53001 
61826 53001 
61827 53001 
61829 53001
61831 53001
61832 53001
61845 4811 
61846 4909 
61847 4811 
61869 53001 
61870 53001 
61871 53001 
61872 53001 
61873 53001
61874 53001 
61875 53001 
61876 53001 
61877 53001 
61878 53001 
61879 53001 
61886 4811 
61892 4909 
61893 4909 
61894 4811 
61895 4909 
61912 53001
61913 53001 
61914 53001
61915 53001 
61916 53001 
61917 53001 
61918 53001 
61919 53001 
61920 53001 
61921 53001 
61922 53001 
61936 4811 4909 
61937 4909 
61938 4811 4909 
61952 53001 
61953 53001
61954 53001 
61955 53001 
61956 53001 
61961 4909 
61964 4811 
61965 4811 
61967 4811 
61984 53001 
61985 53001 
61990 4811 
61991 4909 
61993 4909 
62011 53001 
62013 53001 
62024 53001 
62026 53001 
62027 53001 
62028 53001 
62048 53001 
62073 53001 
62086 53001 
66887 50443 
66913 50443 
66935 50443 
66966 50443 
66985 50443 
66988 50443 
67008 50443 
67062 50443 
67066 50443 
67094 50443 
67095 50443 
67096 50443 
67098 50443 
67100 50443 
67114 50443 
67115 50443 
67117 50443 
67119 50443
67121 50443 
67169 50443 
67197 50443 
67201 50443 
67223 50443
67230 50443 
67259 50443 
67260 50443 
67261 50443 
67262 50443 
67264 50443 
67266 50443 
67268 50443 
67269 50443 
67292 50443
67293 50443
67294 50443
67298 50443 
67327 50443 
67328 50443 
67358 50443 
67359 50443 
67363 50443
67378 50443 
67379 50443 
67383 50443
67409 50443 
67410 50443 
67414 50443 
67416 50443
67421 50443 
67423 50443 
67439 50443
67440 50443
67441 50443
67465 50443 
67466 50443
67468 50443 
67489 50443
67515 50443
67516 50443
67518 50443 
67520 50443 
67541 50443
67543 50443
67544 50443 
67564 50443 
67592 50443
67621 50443 
67650 50443 
67673 50443 
67674 50443 
67695 50443 
67719 50443 
67722 50443 
67737 50443 
67738 50443 
